2 90 
34 38 
75 81 
90 92 
105 109 
67 151 
###
2 90 
34 38 
75 81 
105 109 
67 151 
###
90 
38 
81 
109 
151 
###
6 90 
26 38 
20 81 
48 109 
2 151 
###
6 35 90 
26 26 38 
20 81 97 
28 48 109 
2 8 151 
###
6 21 35 90 
26 26 38 97 
20 32 81 97 
15 28 48 109 
2 8 16 151 
###
6 21 35 90 
26 26 38 97 
20 32 81 97 
15 28 48 109 
2 8 16 151 
23 56 74 85 
###
6 21 26 35 90 
25 26 26 38 97 
2 20 32 81 97 
15 28 48 56 109 
2 8 8 16 151 
6 23 56 74 85 
###
6 21 26 90 
25 26 26 97 
2 20 32 97 
15 28 48 109 
2 8 8 151 
6 23 56 85 
###
COMBINACAO MATRICIAL FINALIZADA!
