2 54 68 69 72 76 77 84 85 88 89 101 
24 26 29 38 40 46 48 51 59 68 86 88 
36 55 58 59 67 69 81 89 90 97 99 100 
23 68 69 74 79 81 82 83 88 89 92 93 
###
54 68 69 72 76 77 84 85 88 89 101 
26 29 38 40 46 48 51 59 68 86 88 
55 58 59 67 69 81 89 90 97 99 100 
68 69 74 79 81 82 83 88 89 92 93 
###
54 68 69 72 76 84 85 88 89 101 
26 29 38 40 46 51 59 68 86 88 
55 58 59 67 69 89 90 97 99 100 
68 69 74 79 81 83 88 89 92 93 
###
54 68 69 72 76 84 85 88 89 101 
26 29 38 40 46 51 59 68 86 88 
55 58 59 67 69 89 90 97 99 100 
68 69 74 79 81 83 88 89 92 93 
10 15 18 19 67 79 90 157 159 178 
###
54 68 69 72 76 84 85 88 89 101 
26 29 38 40 46 51 59 68 86 88 
68 69 74 79 81 83 88 89 92 93 
10 15 18 19 67 79 90 157 159 178 
###
54 68 69 72 84 85 88 89 101 
26 29 38 40 51 59 68 86 88 
68 69 74 79 83 88 89 92 93 
10 15 18 19 79 90 157 159 178 
###
54 56 68 69 72 84 85 88 89 101 
9 26 29 38 40 51 59 68 86 88 
52 68 69 74 79 83 88 89 92 93 
3 10 15 18 19 79 90 157 159 178 
###
COMBINACAO MATRICIAL FINALIZADA!
