13 8
19 25 29 34 91 94 163 197
36 95 105 109 131 161 177 198
35 40 56 57 109 117 149 195
3 18 46 56 127 166 173 174
20 24 47 56 105 112 130 175
17 49 69 74 76 155 180 196
72 95 103 165 167 178 180 186
16 35 55 75 88 112 154 195
28 61 62 71 73 78 111 125
3 4 40 64 92 119 138 196
11 27 58 88 109 114 119 145
2 25 68 93 110 143 152 183
29 42 43 66 84 125 156 177
26
OUT C 7
OUT C 5
OUT C 0
IN L 52 66 98 99 102
OUT C 2
OUT C 0
IN L 25 92 99
OUT C 1
OUT C 0
OUT L 0
IN C 14 31 38 41 49 66 79 89 95 103 107 178 33 56
IN C 13 15 56 69 76 93 133 141 143 150 155 199 53 10
OUT L 1
IN C 36 59 60 76 100 119 124 130 163 178 190 52 66
OUT L 2
IN C 4 15 36 37 49 57 64 85 107 124 150 200
IN C 21 22 26 27 32 35 111 130 152 159 162 22
OUT L 3
OUT C 3
OUT C 1
OUT L 2
IN C 99 110 131 164 176 187 198 111 126 65
IN L 39 81 97 100 139
IN L 12 43 61 143 179
IN L 65 134 143 167 190
IN L 14 35 51 56 165