19 25 29 34 91 94 163 
36 95 105 109 131 161 177 
35 40 56 57 109 117 149 
3 18 46 56 127 166 173 
20 24 47 56 105 112 130 
17 49 69 74 76 155 180 
72 95 103 165 167 178 180 
16 35 55 75 88 112 154 
28 61 62 71 73 78 111 
3 4 40 64 92 119 138 
11 27 58 88 109 114 119 
2 25 68 93 110 143 152 
29 42 43 66 84 125 156 
###
19 25 29 34 91 163 
36 95 105 109 131 177 
35 40 56 57 109 149 
3 18 46 56 127 173 
20 24 47 56 105 130 
17 49 69 74 76 180 
72 95 103 165 167 180 
16 35 55 75 88 154 
28 61 62 71 73 111 
3 4 40 64 92 138 
11 27 58 88 109 119 
2 25 68 93 110 152 
29 42 43 66 84 156 
###
25 29 34 91 163 
95 105 109 131 177 
40 56 57 109 149 
18 46 56 127 173 
24 47 56 105 130 
49 69 74 76 180 
95 103 165 167 180 
35 55 75 88 154 
61 62 71 73 111 
4 40 64 92 138 
27 58 88 109 119 
25 68 93 110 152 
42 43 66 84 156 
###
25 29 34 91 163 
95 105 109 131 177 
40 56 57 109 149 
18 46 56 127 173 
24 47 56 105 130 
49 69 74 76 180 
95 103 165 167 180 
35 55 75 88 154 
61 62 71 73 111 
4 40 64 92 138 
27 58 88 109 119 
25 68 93 110 152 
42 43 66 84 156 
52 66 98 99 102 
###
25 29 91 163 
95 105 131 177 
40 56 109 149 
18 46 127 173 
24 47 105 130 
49 69 76 180 
95 103 167 180 
35 55 88 154 
61 62 73 111 
4 40 92 138 
27 58 109 119 
25 68 110 152 
42 43 84 156 
52 66 99 102 
###
29 91 163 
105 131 177 
56 109 149 
46 127 173 
47 105 130 
69 76 180 
103 167 180 
55 88 154 
62 73 111 
40 92 138 
58 109 119 
68 110 152 
43 84 156 
66 99 102 
###
29 91 163 
105 131 177 
56 109 149 
46 127 173 
47 105 130 
69 76 180 
103 167 180 
55 88 154 
62 73 111 
40 92 138 
58 109 119 
68 110 152 
43 84 156 
66 99 102 
25 92 99 
###
29 163 
105 177 
56 149 
46 173 
47 130 
69 180 
103 180 
55 154 
62 111 
40 138 
58 119 
68 152 
43 156 
66 102 
25 99 
###
163 
177 
149 
173 
130 
180 
180 
154 
111 
138 
119 
152 
156 
102 
99 
###
177 
149 
173 
130 
180 
180 
154 
111 
138 
119 
152 
156 
102 
99 
###
14 177 
31 149 
38 173 
41 130 
49 180 
66 180 
79 154 
89 111 
95 138 
103 119 
107 152 
156 178 
33 102 
56 99 
###
13 14 177 
15 31 149 
38 56 173 
41 69 130 
49 76 180 
66 93 180 
79 133 154 
89 111 141 
95 138 143 
103 119 150 
107 152 155 
156 178 199 
33 53 102 
10 56 99 
###
13 14 177 
38 56 173 
41 69 130 
49 76 180 
66 93 180 
79 133 154 
89 111 141 
95 138 143 
103 119 150 
107 152 155 
156 178 199 
33 53 102 
10 56 99 
###
13 14 36 177 
38 56 59 173 
41 60 69 130 
49 76 76 180 
66 93 100 180 
79 119 133 154 
89 111 124 141 
95 130 138 143 
103 119 150 163 
107 152 155 178 
156 178 190 199 
33 52 53 102 
10 56 66 99 
###
13 14 36 177 
38 56 59 173 
49 76 76 180 
66 93 100 180 
79 119 133 154 
89 111 124 141 
95 130 138 143 
103 119 150 163 
107 152 155 178 
156 178 190 199 
33 52 53 102 
10 56 66 99 
###
4 13 14 36 177 
15 38 56 59 173 
36 49 76 76 180 
37 66 93 100 180 
49 79 119 133 154 
57 89 111 124 141 
64 95 130 138 143 
85 103 119 150 163 
107 107 152 155 178 
124 156 178 190 199 
33 52 53 102 150 
10 56 66 99 200 
###
4 13 14 21 36 177 
15 22 38 56 59 173 
26 36 49 76 76 180 
27 37 66 93 100 180 
32 49 79 119 133 154 
35 57 89 111 124 141 
64 95 111 130 138 143 
85 103 119 130 150 163 
107 107 152 152 155 178 
124 156 159 178 190 199 
33 52 53 102 150 162 
10 22 56 66 99 200 
###
4 13 14 21 36 177 
15 22 38 56 59 173 
26 36 49 76 76 180 
32 49 79 119 133 154 
35 57 89 111 124 141 
64 95 111 130 138 143 
85 103 119 130 150 163 
107 107 152 152 155 178 
124 156 159 178 190 199 
33 52 53 102 150 162 
10 22 56 66 99 200 
###
4 13 14 36 177 
15 22 38 59 173 
26 36 49 76 180 
32 49 79 133 154 
35 57 89 124 141 
64 95 111 138 143 
85 103 119 150 163 
107 107 152 155 178 
124 156 159 190 199 
33 52 53 150 162 
10 22 56 99 200 
###
4 14 36 177 
15 38 59 173 
26 49 76 180 
32 79 133 154 
35 89 124 141 
64 111 138 143 
85 119 150 163 
107 152 155 178 
124 159 190 199 
33 53 150 162 
10 56 99 200 
###
4 14 36 177 
15 38 59 173 
32 79 133 154 
35 89 124 141 
64 111 138 143 
85 119 150 163 
107 152 155 178 
124 159 190 199 
33 53 150 162 
10 56 99 200 
###
4 14 36 99 177 
15 38 59 110 173 
32 79 131 133 154 
35 89 124 141 164 
64 111 138 143 176 
85 119 150 163 187 
107 152 155 178 198 
111 124 159 190 199 
33 53 126 150 162 
10 56 65 99 200 
###
4 14 36 99 177 
15 38 59 110 173 
32 79 131 133 154 
35 89 124 141 164 
64 111 138 143 176 
85 119 150 163 187 
107 152 155 178 198 
111 124 159 190 199 
33 53 126 150 162 
10 56 65 99 200 
39 81 97 100 139 
###
4 14 36 99 177 
15 38 59 110 173 
32 79 131 133 154 
35 89 124 141 164 
64 111 138 143 176 
85 119 150 163 187 
107 152 155 178 198 
111 124 159 190 199 
33 53 126 150 162 
10 56 65 99 200 
39 81 97 100 139 
12 43 61 143 179 
###
4 14 36 99 177 
15 38 59 110 173 
32 79 131 133 154 
35 89 124 141 164 
64 111 138 143 176 
85 119 150 163 187 
107 152 155 178 198 
111 124 159 190 199 
33 53 126 150 162 
10 56 65 99 200 
39 81 97 100 139 
12 43 61 143 179 
65 134 143 167 190 
###
4 14 36 99 177 
15 38 59 110 173 
32 79 131 133 154 
35 89 124 141 164 
64 111 138 143 176 
85 119 150 163 187 
107 152 155 178 198 
111 124 159 190 199 
33 53 126 150 162 
10 56 65 99 200 
39 81 97 100 139 
12 43 61 143 179 
65 134 143 167 190 
14 35 51 56 165 
###
COMBINACAO MATRICIAL FINALIZADA!
