32 40 42 58 61 63 69 78 79 86 93 97 103 108 141 164 183 196 
13 31 35 56 57 59 102 104 106 109 115 122 130 157 166 178 191 199 
2 11 15 29 65 79 104 114 117 140 144 145 149 176 177 182 191 195 
3 10 41 48 56 69 91 96 101 103 105 107 146 148 153 168 186 196 
14 20 35 36 45 67 73 75 77 85 88 89 90 99 110 172 174 186 
8 10 18 34 36 39 42 44 45 58 67 71 72 76 82 108 138 193 
5 9 30 39 56 58 78 99 112 123 127 130 160 162 172 176 188 190 
1 36 47 48 70 75 87 109 110 111 137 143 146 148 155 165 170 182 
16 31 44 47 48 49 57 58 76 90 102 116 118 123 138 148 153 183 
8 14 21 28 73 75 100 106 123 124 136 160 161 162 163 166 186 193 
8 10 13 17 25 34 36 50 53 68 91 98 131 155 161 167 173 180 
7 13 21 25 39 50 62 88 120 123 133 138 142 155 170 179 190 197 
5 10 12 20 38 41 75 93 100 106 112 134 144 153 175 178 185 186 
11 13 27 30 33 38 46 48 62 75 94 107 119 123 160 163 169 176 
5 35 43 57 66 68 73 77 84 88 99 103 123 129 135 176 188 193 
7 11 21 31 45 51 53 84 111 130 131 149 162 170 178 183 187 189 
1 20 59 70 71 83 94 98 119 125 126 136 141 155 175 176 193 196 
23 26 27 34 42 58 78 92 94 120 126 129 132 168 180 185 188 191 
14 16 66 85 92 96 99 100 111 114 120 138 144 182 192 196 199 200 
3 6 24 27 37 45 59 62 100 105 110 119 142 151 154 172 179 183 
1 14 32 35 48 71 75 79 88 98 114 116 120 140 141 179 183 199 
14 21 34 35 45 46 48 59 75 81 91 102 122 136 145 163 164 197 
6 33 53 58 67 120 126 135 147 151 166 167 171 173 176 196 197 199 
1 8 15 19 47 50 86 97 136 137 143 149 152 172 173 187 188 189 
10 17 23 43 44 58 63 66 72 76 103 108 116 160 176 182 183 199 
25 35 55 73 80 85 86 91 96 99 102 115 126 146 163 177 181 182 
19 28 40 43 49 67 73 80 97 100 110 112 119 120 122 163 168 182 
5 14 15 18 52 84 95 99 104 110 119 120 143 164 165 168 169 170 
###
4 32 40 42 58 61 63 69 78 79 86 93 97 103 108 141 164 183 196 
5 13 31 35 56 57 59 102 104 106 109 115 122 130 157 166 178 191 199 
2 10 11 15 29 65 79 104 114 117 140 144 145 149 176 177 182 191 195 
3 10 17 41 48 56 69 91 96 101 103 105 107 146 148 153 168 186 196 
14 20 25 35 36 45 67 73 75 77 85 88 89 90 99 110 172 174 186 
8 10 18 26 34 36 39 42 44 45 58 67 71 72 76 82 108 138 193 
5 9 30 39 45 56 58 78 99 112 123 127 130 160 162 172 176 188 190 
1 36 47 48 65 70 75 87 109 110 111 137 143 146 148 155 165 170 182 
16 31 44 47 48 49 57 58 69 76 90 102 116 118 123 138 148 153 183 
8 14 21 28 71 73 75 100 106 123 124 136 160 161 162 163 166 186 193 
8 10 13 17 25 34 36 50 53 68 74 91 98 131 155 161 167 173 180 
7 13 21 25 39 50 62 87 88 120 123 133 138 142 155 170 179 190 197 
5 10 12 20 38 41 75 89 93 100 106 112 134 144 153 175 178 185 186 
11 13 27 30 33 38 46 48 62 75 94 107 119 121 123 160 163 169 176 
5 35 43 57 66 68 73 77 84 88 99 103 122 123 129 135 176 188 193 
7 11 21 31 45 51 53 84 111 130 131 139 149 162 170 178 183 187 189 
1 20 59 70 71 83 94 98 119 125 126 136 141 155 158 175 176 193 196 
23 26 27 34 42 58 78 92 94 120 126 129 132 162 168 180 185 188 191 
14 16 66 85 92 96 99 100 111 114 120 138 144 166 182 192 196 199 200 
3 6 24 27 37 45 59 62 100 105 110 119 142 151 154 172 172 179 183 
1 14 32 35 48 71 75 79 88 98 114 116 120 140 141 174 179 183 199 
14 21 34 35 45 46 48 59 75 81 91 102 122 136 145 163 164 181 197 
6 33 53 58 67 120 126 135 147 151 166 167 171 173 176 183 196 197 199 
1 8 15 19 47 50 86 97 136 137 143 149 152 172 173 186 187 188 189 
10 17 23 43 44 58 63 66 72 76 103 108 116 160 176 182 183 188 199 
25 35 55 73 80 85 86 91 96 99 102 115 126 146 163 177 181 182 190 
19 28 40 43 49 67 73 80 97 100 110 112 119 120 122 163 168 182 191 
5 14 15 18 52 84 95 99 104 110 119 120 143 164 165 168 169 170 195 
###
4 32 40 42 58 61 63 69 78 79 86 93 97 103 108 141 164 183 196 
5 13 31 35 56 57 59 102 104 106 109 115 122 130 157 166 178 191 199 
2 10 11 15 29 65 79 104 114 117 140 144 145 149 176 177 182 191 195 
3 10 17 41 48 56 69 91 96 101 103 105 107 146 148 153 168 186 196 
14 20 25 35 36 45 67 73 75 77 85 88 89 90 99 110 172 174 186 
8 10 18 26 34 36 39 42 44 45 58 67 71 72 76 82 108 138 193 
5 9 30 39 45 56 58 78 99 112 123 127 130 160 162 172 176 188 190 
1 36 47 48 65 70 75 87 109 110 111 137 143 146 148 155 165 170 182 
16 31 44 47 48 49 57 58 69 76 90 102 116 118 123 138 148 153 183 
8 14 21 28 71 73 75 100 106 123 124 136 160 161 162 163 166 186 193 
8 10 13 17 25 34 36 50 53 68 74 91 98 131 155 161 167 173 180 
7 13 21 25 39 50 62 87 88 120 123 133 138 142 155 170 179 190 197 
5 10 12 20 38 41 75 89 93 100 106 112 134 144 153 175 178 185 186 
11 13 27 30 33 38 46 48 62 75 94 107 119 121 123 160 163 169 176 
5 35 43 57 66 68 73 77 84 88 99 103 122 123 129 135 176 188 193 
7 11 21 31 45 51 53 84 111 130 131 139 149 162 170 178 183 187 189 
1 20 59 70 71 83 94 98 119 125 126 136 141 155 158 175 176 193 196 
23 26 27 34 42 58 78 92 94 120 126 129 132 162 168 180 185 188 191 
14 16 66 85 92 96 99 100 111 114 120 138 144 166 182 192 196 199 200 
3 6 24 27 37 45 59 62 100 105 110 119 142 151 154 172 172 179 183 
1 14 32 35 48 71 75 79 88 98 114 116 120 140 141 174 179 183 199 
14 21 34 35 45 46 48 59 75 81 91 102 122 136 145 163 164 181 197 
6 33 53 58 67 120 126 135 147 151 166 167 171 173 176 183 196 197 199 
1 8 15 19 47 50 86 97 136 137 143 149 152 172 173 186 187 188 189 
10 17 23 43 44 58 63 66 72 76 103 108 116 160 176 182 183 188 199 
25 35 55 73 80 85 86 91 96 99 102 115 126 146 163 177 181 182 190 
19 28 40 43 49 67 73 80 97 100 110 112 119 120 122 163 168 182 191 
5 14 15 18 52 84 95 99 104 110 119 120 143 164 165 168 169 170 195 
8 9 25 29 43 48 59 65 70 88 100 118 128 134 148 194 198 199 200 
###
4 32 40 42 58 61 63 69 78 79 86 93 97 103 108 141 164 183 196 
5 13 31 35 56 57 59 102 104 106 109 115 122 130 157 166 178 191 199 
2 10 11 15 29 65 79 104 114 117 140 144 145 149 176 177 182 191 195 
3 10 17 41 48 56 69 91 96 101 103 105 107 146 148 153 168 186 196 
14 20 25 35 36 45 67 73 75 77 85 88 89 90 99 110 172 174 186 
8 10 18 26 34 36 39 42 44 45 58 67 71 72 76 82 108 138 193 
5 9 30 39 45 56 58 78 99 112 123 127 130 160 162 172 176 188 190 
1 36 47 48 65 70 75 87 109 110 111 137 143 146 148 155 165 170 182 
16 31 44 47 48 49 57 58 69 76 90 102 116 118 123 138 148 153 183 
8 14 21 28 71 73 75 100 106 123 124 136 160 161 162 163 166 186 193 
8 10 13 17 25 34 36 50 53 68 74 91 98 131 155 161 167 173 180 
7 13 21 25 39 50 62 87 88 120 123 133 138 142 155 170 179 190 197 
5 10 12 20 38 41 75 89 93 100 106 112 134 144 153 175 178 185 186 
11 13 27 30 33 38 46 48 62 75 94 107 119 121 123 160 163 169 176 
5 35 43 57 66 68 73 77 84 88 99 103 122 123 129 135 176 188 193 
7 11 21 31 45 51 53 84 111 130 131 139 149 162 170 178 183 187 189 
1 20 59 70 71 83 94 98 119 125 126 136 141 155 158 175 176 193 196 
23 26 27 34 42 58 78 92 94 120 126 129 132 162 168 180 185 188 191 
14 16 66 85 92 96 99 100 111 114 120 138 144 166 182 192 196 199 200 
3 6 24 27 37 45 59 62 100 105 110 119 142 151 154 172 172 179 183 
1 14 32 35 48 71 75 79 88 98 114 116 120 140 141 174 179 183 199 
14 21 34 35 45 46 48 59 75 81 91 102 122 136 145 163 164 181 197 
6 33 53 58 67 120 126 135 147 151 166 167 171 173 176 183 196 197 199 
1 8 15 19 47 50 86 97 136 137 143 149 152 172 173 186 187 188 189 
10 17 23 43 44 58 63 66 72 76 103 108 116 160 176 182 183 188 199 
25 35 55 73 80 85 86 91 96 99 102 115 126 146 163 177 181 182 190 
19 28 40 43 49 67 73 80 97 100 110 112 119 120 122 163 168 182 191 
5 14 15 18 52 84 95 99 104 110 119 120 143 164 165 168 169 170 195 
8 9 25 29 43 48 59 65 70 88 100 118 128 134 148 194 198 199 200 
10 13 31 37 40 42 59 75 104 134 138 147 160 163 165 177 181 186 189 
###
4 32 40 42 58 61 63 69 78 79 86 93 97 103 108 141 164 183 196 
5 13 31 35 56 57 59 102 104 106 109 115 122 130 157 166 178 191 199 
2 10 11 15 29 65 79 104 114 117 140 144 145 149 176 177 182 191 195 
3 10 17 41 48 56 69 91 96 101 103 105 107 146 148 153 168 186 196 
14 20 25 35 36 45 67 73 75 77 85 88 89 90 99 110 172 174 186 
8 10 18 26 34 36 39 42 44 45 58 67 71 72 76 82 108 138 193 
5 9 30 39 45 56 58 78 99 112 123 127 130 160 162 172 176 188 190 
1 36 47 48 65 70 75 87 109 110 111 137 143 146 148 155 165 170 182 
16 31 44 47 48 49 57 58 69 76 90 102 116 118 123 138 148 153 183 
8 14 21 28 71 73 75 100 106 123 124 136 160 161 162 163 166 186 193 
8 10 13 17 25 34 36 50 53 68 74 91 98 131 155 161 167 173 180 
7 13 21 25 39 50 62 87 88 120 123 133 138 142 155 170 179 190 197 
5 10 12 20 38 41 75 89 93 100 106 112 134 144 153 175 178 185 186 
11 13 27 30 33 38 46 48 62 75 94 107 119 121 123 160 163 169 176 
5 35 43 57 66 68 73 77 84 88 99 103 122 123 129 135 176 188 193 
7 11 21 31 45 51 53 84 111 130 131 139 149 162 170 178 183 187 189 
1 20 59 70 71 83 94 98 119 125 126 136 141 155 158 175 176 193 196 
23 26 27 34 42 58 78 92 94 120 126 129 132 162 168 180 185 188 191 
14 16 66 85 92 96 99 100 111 114 120 138 144 166 182 192 196 199 200 
3 6 24 27 37 45 59 62 100 105 110 119 142 151 154 172 172 179 183 
14 21 34 35 45 46 48 59 75 81 91 102 122 136 145 163 164 181 197 
6 33 53 58 67 120 126 135 147 151 166 167 171 173 176 183 196 197 199 
1 8 15 19 47 50 86 97 136 137 143 149 152 172 173 186 187 188 189 
10 17 23 43 44 58 63 66 72 76 103 108 116 160 176 182 183 188 199 
25 35 55 73 80 85 86 91 96 99 102 115 126 146 163 177 181 182 190 
19 28 40 43 49 67 73 80 97 100 110 112 119 120 122 163 168 182 191 
5 14 15 18 52 84 95 99 104 110 119 120 143 164 165 168 169 170 195 
8 9 25 29 43 48 59 65 70 88 100 118 128 134 148 194 198 199 200 
10 13 31 37 40 42 59 75 104 134 138 147 160 163 165 177 181 186 189 
###
4 32 40 42 58 61 63 69 78 79 86 93 97 103 108 141 164 183 196 
5 13 31 35 56 57 59 102 104 106 109 115 122 130 157 166 178 191 199 
2 10 11 15 29 65 79 104 114 117 140 144 145 149 176 177 182 191 195 
3 10 17 41 48 56 69 91 96 101 103 105 107 146 148 153 168 186 196 
14 20 25 35 36 45 67 73 75 77 85 88 89 90 99 110 172 174 186 
8 10 18 26 34 36 39 42 44 45 58 67 71 72 76 82 108 138 193 
5 9 30 39 45 56 58 78 99 112 123 127 130 160 162 172 176 188 190 
1 36 47 48 65 70 75 87 109 110 111 137 143 146 148 155 165 170 182 
16 31 44 47 48 49 57 58 69 76 90 102 116 118 123 138 148 153 183 
8 14 21 28 71 73 75 100 106 123 124 136 160 161 162 163 166 186 193 
8 10 13 17 25 34 36 50 53 68 74 91 98 131 155 161 167 173 180 
7 13 21 25 39 50 62 87 88 120 123 133 138 142 155 170 179 190 197 
5 10 12 20 38 41 75 89 93 100 106 112 134 144 153 175 178 185 186 
11 13 27 30 33 38 46 48 62 75 94 107 119 121 123 160 163 169 176 
7 11 21 31 45 51 53 84 111 130 131 139 149 162 170 178 183 187 189 
1 20 59 70 71 83 94 98 119 125 126 136 141 155 158 175 176 193 196 
23 26 27 34 42 58 78 92 94 120 126 129 132 162 168 180 185 188 191 
14 16 66 85 92 96 99 100 111 114 120 138 144 166 182 192 196 199 200 
3 6 24 27 37 45 59 62 100 105 110 119 142 151 154 172 172 179 183 
14 21 34 35 45 46 48 59 75 81 91 102 122 136 145 163 164 181 197 
6 33 53 58 67 120 126 135 147 151 166 167 171 173 176 183 196 197 199 
1 8 15 19 47 50 86 97 136 137 143 149 152 172 173 186 187 188 189 
10 17 23 43 44 58 63 66 72 76 103 108 116 160 176 182 183 188 199 
25 35 55 73 80 85 86 91 96 99 102 115 126 146 163 177 181 182 190 
19 28 40 43 49 67 73 80 97 100 110 112 119 120 122 163 168 182 191 
5 14 15 18 52 84 95 99 104 110 119 120 143 164 165 168 169 170 195 
8 9 25 29 43 48 59 65 70 88 100 118 128 134 148 194 198 199 200 
10 13 31 37 40 42 59 75 104 134 138 147 160 163 165 177 181 186 189 
###
5 13 31 35 56 57 59 102 104 106 109 115 122 130 157 166 178 191 199 
2 10 11 15 29 65 79 104 114 117 140 144 145 149 176 177 182 191 195 
3 10 17 41 48 56 69 91 96 101 103 105 107 146 148 153 168 186 196 
14 20 25 35 36 45 67 73 75 77 85 88 89 90 99 110 172 174 186 
8 10 18 26 34 36 39 42 44 45 58 67 71 72 76 82 108 138 193 
5 9 30 39 45 56 58 78 99 112 123 127 130 160 162 172 176 188 190 
1 36 47 48 65 70 75 87 109 110 111 137 143 146 148 155 165 170 182 
16 31 44 47 48 49 57 58 69 76 90 102 116 118 123 138 148 153 183 
8 14 21 28 71 73 75 100 106 123 124 136 160 161 162 163 166 186 193 
8 10 13 17 25 34 36 50 53 68 74 91 98 131 155 161 167 173 180 
7 13 21 25 39 50 62 87 88 120 123 133 138 142 155 170 179 190 197 
5 10 12 20 38 41 75 89 93 100 106 112 134 144 153 175 178 185 186 
11 13 27 30 33 38 46 48 62 75 94 107 119 121 123 160 163 169 176 
7 11 21 31 45 51 53 84 111 130 131 139 149 162 170 178 183 187 189 
1 20 59 70 71 83 94 98 119 125 126 136 141 155 158 175 176 193 196 
23 26 27 34 42 58 78 92 94 120 126 129 132 162 168 180 185 188 191 
14 16 66 85 92 96 99 100 111 114 120 138 144 166 182 192 196 199 200 
3 6 24 27 37 45 59 62 100 105 110 119 142 151 154 172 172 179 183 
14 21 34 35 45 46 48 59 75 81 91 102 122 136 145 163 164 181 197 
6 33 53 58 67 120 126 135 147 151 166 167 171 173 176 183 196 197 199 
1 8 15 19 47 50 86 97 136 137 143 149 152 172 173 186 187 188 189 
10 17 23 43 44 58 63 66 72 76 103 108 116 160 176 182 183 188 199 
25 35 55 73 80 85 86 91 96 99 102 115 126 146 163 177 181 182 190 
19 28 40 43 49 67 73 80 97 100 110 112 119 120 122 163 168 182 191 
5 14 15 18 52 84 95 99 104 110 119 120 143 164 165 168 169 170 195 
8 9 25 29 43 48 59 65 70 88 100 118 128 134 148 194 198 199 200 
10 13 31 37 40 42 59 75 104 134 138 147 160 163 165 177 181 186 189 
###
5 13 31 35 56 57 59 102 104 106 109 115 122 130 157 166 178 191 199 
2 10 11 15 29 65 79 104 114 117 140 144 145 149 176 177 182 191 195 
3 10 17 41 48 56 69 91 96 101 103 105 107 146 148 153 168 186 196 
14 20 25 35 36 45 67 73 75 77 85 88 89 90 99 110 172 174 186 
8 10 18 26 34 36 39 42 44 45 58 67 71 72 76 82 108 138 193 
5 9 30 39 45 56 58 78 99 112 123 127 130 160 162 172 176 188 190 
1 36 47 48 65 70 75 87 109 110 111 137 143 146 148 155 165 170 182 
16 31 44 47 48 49 57 58 69 76 90 102 116 118 123 138 148 153 183 
8 14 21 28 71 73 75 100 106 123 124 136 160 161 162 163 166 186 193 
8 10 13 17 25 34 36 50 53 68 74 91 98 131 155 161 167 173 180 
7 13 21 25 39 50 62 87 88 120 123 133 138 142 155 170 179 190 197 
11 13 27 30 33 38 46 48 62 75 94 107 119 121 123 160 163 169 176 
7 11 21 31 45 51 53 84 111 130 131 139 149 162 170 178 183 187 189 
1 20 59 70 71 83 94 98 119 125 126 136 141 155 158 175 176 193 196 
23 26 27 34 42 58 78 92 94 120 126 129 132 162 168 180 185 188 191 
14 16 66 85 92 96 99 100 111 114 120 138 144 166 182 192 196 199 200 
3 6 24 27 37 45 59 62 100 105 110 119 142 151 154 172 172 179 183 
14 21 34 35 45 46 48 59 75 81 91 102 122 136 145 163 164 181 197 
6 33 53 58 67 120 126 135 147 151 166 167 171 173 176 183 196 197 199 
1 8 15 19 47 50 86 97 136 137 143 149 152 172 173 186 187 188 189 
10 17 23 43 44 58 63 66 72 76 103 108 116 160 176 182 183 188 199 
25 35 55 73 80 85 86 91 96 99 102 115 126 146 163 177 181 182 190 
19 28 40 43 49 67 73 80 97 100 110 112 119 120 122 163 168 182 191 
5 14 15 18 52 84 95 99 104 110 119 120 143 164 165 168 169 170 195 
8 9 25 29 43 48 59 65 70 88 100 118 128 134 148 194 198 199 200 
10 13 31 37 40 42 59 75 104 134 138 147 160 163 165 177 181 186 189 
###
5 13 31 35 56 57 59 102 104 106 115 122 130 157 166 178 191 199 
2 10 11 15 29 65 79 104 114 117 144 145 149 176 177 182 191 195 
3 10 17 41 48 56 69 91 96 101 105 107 146 148 153 168 186 196 
14 20 25 35 36 45 67 73 75 77 88 89 90 99 110 172 174 186 
8 10 18 26 34 36 39 42 44 45 67 71 72 76 82 108 138 193 
5 9 30 39 45 56 58 78 99 112 127 130 160 162 172 176 188 190 
1 36 47 48 65 70 75 87 109 110 137 143 146 148 155 165 170 182 
16 31 44 47 48 49 57 58 69 76 102 116 118 123 138 148 153 183 
8 14 21 28 71 73 75 100 106 123 136 160 161 162 163 166 186 193 
8 10 13 17 25 34 36 50 53 68 91 98 131 155 161 167 173 180 
7 13 21 25 39 50 62 87 88 120 133 138 142 155 170 179 190 197 
11 13 27 30 33 38 46 48 62 75 107 119 121 123 160 163 169 176 
7 11 21 31 45 51 53 84 111 130 139 149 162 170 178 183 187 189 
1 20 59 70 71 83 94 98 119 125 136 141 155 158 175 176 193 196 
23 26 27 34 42 58 78 92 94 120 129 132 162 168 180 185 188 191 
14 16 66 85 92 96 99 100 111 114 138 144 166 182 192 196 199 200 
3 6 24 27 37 45 59 62 100 105 119 142 151 154 172 172 179 183 
14 21 34 35 45 46 48 59 75 81 102 122 136 145 163 164 181 197 
6 33 53 58 67 120 126 135 147 151 167 171 173 176 183 196 197 199 
1 8 15 19 47 50 86 97 136 137 149 152 172 173 186 187 188 189 
10 17 23 43 44 58 63 66 72 76 108 116 160 176 182 183 188 199 
25 35 55 73 80 85 86 91 96 99 115 126 146 163 177 181 182 190 
19 28 40 43 49 67 73 80 97 100 112 119 120 122 163 168 182 191 
5 14 15 18 52 84 95 99 104 110 120 143 164 165 168 169 170 195 
8 9 25 29 43 48 59 65 70 88 118 128 134 148 194 198 199 200 
10 13 31 37 40 42 59 75 104 134 147 160 163 165 177 181 186 189 
###
5 13 31 35 56 57 59 102 104 106 115 122 130 157 166 178 191 199 
2 10 11 15 29 65 79 104 114 117 144 145 149 176 177 182 191 195 
3 10 17 41 48 56 69 91 96 101 105 107 146 148 153 168 186 196 
14 20 25 35 36 45 67 73 75 77 88 89 90 99 110 172 174 186 
8 10 18 26 34 36 39 42 44 45 67 71 72 76 82 108 138 193 
5 9 30 39 45 56 58 78 99 112 127 130 160 162 172 176 188 190 
1 36 47 48 65 70 75 87 109 110 137 143 146 148 155 165 170 182 
16 31 44 47 48 49 57 58 69 76 102 116 118 123 138 148 153 183 
8 14 21 28 71 73 75 100 106 123 136 160 161 162 163 166 186 193 
8 10 13 17 25 34 36 50 53 68 91 98 131 155 161 167 173 180 
7 13 21 25 39 50 62 87 88 120 133 138 142 155 170 179 190 197 
11 13 27 30 33 38 46 48 62 75 107 119 121 123 160 163 169 176 
1 20 59 70 71 83 94 98 119 125 136 141 155 158 175 176 193 196 
23 26 27 34 42 58 78 92 94 120 129 132 162 168 180 185 188 191 
14 16 66 85 92 96 99 100 111 114 138 144 166 182 192 196 199 200 
3 6 24 27 37 45 59 62 100 105 119 142 151 154 172 172 179 183 
14 21 34 35 45 46 48 59 75 81 102 122 136 145 163 164 181 197 
6 33 53 58 67 120 126 135 147 151 167 171 173 176 183 196 197 199 
1 8 15 19 47 50 86 97 136 137 149 152 172 173 186 187 188 189 
10 17 23 43 44 58 63 66 72 76 108 116 160 176 182 183 188 199 
25 35 55 73 80 85 86 91 96 99 115 126 146 163 177 181 182 190 
19 28 40 43 49 67 73 80 97 100 112 119 120 122 163 168 182 191 
5 14 15 18 52 84 95 99 104 110 120 143 164 165 168 169 170 195 
8 9 25 29 43 48 59 65 70 88 118 128 134 148 194 198 199 200 
10 13 31 37 40 42 59 75 104 134 147 160 163 165 177 181 186 189 
###
5 13 31 35 56 57 59 102 104 106 115 122 130 157 166 178 191 199 
2 10 11 15 29 65 79 104 114 117 144 145 149 176 177 182 191 195 
3 10 17 41 48 56 69 91 96 101 105 107 146 148 153 168 186 196 
14 20 25 35 36 45 67 73 75 77 88 89 90 99 110 172 174 186 
8 10 18 26 34 36 39 42 44 45 67 71 72 76 82 108 138 193 
1 36 47 48 65 70 75 87 109 110 137 143 146 148 155 165 170 182 
16 31 44 47 48 49 57 58 69 76 102 116 118 123 138 148 153 183 
8 14 21 28 71 73 75 100 106 123 136 160 161 162 163 166 186 193 
8 10 13 17 25 34 36 50 53 68 91 98 131 155 161 167 173 180 
7 13 21 25 39 50 62 87 88 120 133 138 142 155 170 179 190 197 
11 13 27 30 33 38 46 48 62 75 107 119 121 123 160 163 169 176 
1 20 59 70 71 83 94 98 119 125 136 141 155 158 175 176 193 196 
23 26 27 34 42 58 78 92 94 120 129 132 162 168 180 185 188 191 
14 16 66 85 92 96 99 100 111 114 138 144 166 182 192 196 199 200 
3 6 24 27 37 45 59 62 100 105 119 142 151 154 172 172 179 183 
14 21 34 35 45 46 48 59 75 81 102 122 136 145 163 164 181 197 
6 33 53 58 67 120 126 135 147 151 167 171 173 176 183 196 197 199 
1 8 15 19 47 50 86 97 136 137 149 152 172 173 186 187 188 189 
10 17 23 43 44 58 63 66 72 76 108 116 160 176 182 183 188 199 
25 35 55 73 80 85 86 91 96 99 115 126 146 163 177 181 182 190 
19 28 40 43 49 67 73 80 97 100 112 119 120 122 163 168 182 191 
5 14 15 18 52 84 95 99 104 110 120 143 164 165 168 169 170 195 
8 9 25 29 43 48 59 65 70 88 118 128 134 148 194 198 199 200 
10 13 31 37 40 42 59 75 104 134 147 160 163 165 177 181 186 189 
###
2 10 11 15 29 65 79 104 114 117 144 145 149 176 177 182 191 195 
3 10 17 41 48 56 69 91 96 101 105 107 146 148 153 168 186 196 
14 20 25 35 36 45 67 73 75 77 88 89 90 99 110 172 174 186 
8 10 18 26 34 36 39 42 44 45 67 71 72 76 82 108 138 193 
1 36 47 48 65 70 75 87 109 110 137 143 146 148 155 165 170 182 
16 31 44 47 48 49 57 58 69 76 102 116 118 123 138 148 153 183 
8 14 21 28 71 73 75 100 106 123 136 160 161 162 163 166 186 193 
8 10 13 17 25 34 36 50 53 68 91 98 131 155 161 167 173 180 
7 13 21 25 39 50 62 87 88 120 133 138 142 155 170 179 190 197 
11 13 27 30 33 38 46 48 62 75 107 119 121 123 160 163 169 176 
1 20 59 70 71 83 94 98 119 125 136 141 155 158 175 176 193 196 
23 26 27 34 42 58 78 92 94 120 129 132 162 168 180 185 188 191 
14 16 66 85 92 96 99 100 111 114 138 144 166 182 192 196 199 200 
3 6 24 27 37 45 59 62 100 105 119 142 151 154 172 172 179 183 
14 21 34 35 45 46 48 59 75 81 102 122 136 145 163 164 181 197 
6 33 53 58 67 120 126 135 147 151 167 171 173 176 183 196 197 199 
1 8 15 19 47 50 86 97 136 137 149 152 172 173 186 187 188 189 
10 17 23 43 44 58 63 66 72 76 108 116 160 176 182 183 188 199 
25 35 55 73 80 85 86 91 96 99 115 126 146 163 177 181 182 190 
19 28 40 43 49 67 73 80 97 100 112 119 120 122 163 168 182 191 
5 14 15 18 52 84 95 99 104 110 120 143 164 165 168 169 170 195 
8 9 25 29 43 48 59 65 70 88 118 128 134 148 194 198 199 200 
10 13 31 37 40 42 59 75 104 134 147 160 163 165 177 181 186 189 
###
1 2 10 11 15 29 65 79 104 114 117 144 145 149 176 177 182 191 195 
3 3 10 17 41 48 56 69 91 96 101 105 107 146 148 153 168 186 196 
14 19 20 25 35 36 45 67 73 75 77 88 89 90 99 110 172 174 186 
8 10 18 24 26 34 36 39 42 44 45 67 71 72 76 82 108 138 193 
1 28 36 47 48 65 70 75 87 109 110 137 143 146 148 155 165 170 182 
16 31 33 44 47 48 49 57 58 69 76 102 116 118 123 138 148 153 183 
8 14 21 28 34 71 73 75 100 106 123 136 160 161 162 163 166 186 193 
8 10 13 17 25 34 36 50 50 53 68 91 98 131 155 161 167 173 180 
7 13 21 25 39 50 55 62 87 88 120 133 138 142 155 170 179 190 197 
11 13 27 30 33 38 46 48 62 75 75 107 119 121 123 160 163 169 176 
1 20 59 70 71 76 83 94 98 119 125 136 141 155 158 175 176 193 196 
23 26 27 34 42 58 78 80 92 94 120 129 132 162 168 180 185 188 191 
14 16 66 85 91 92 96 99 100 111 114 138 144 166 182 192 196 199 200 
3 6 24 27 37 45 59 62 100 100 105 119 142 151 154 172 172 179 183 
14 21 34 35 45 46 48 59 75 81 102 109 122 136 145 163 164 181 197 
6 33 53 58 67 120 126 135 142 147 151 167 171 173 176 183 196 197 199 
1 8 15 19 47 50 86 97 136 137 144 149 152 172 173 186 187 188 189 
10 17 23 43 44 58 63 66 72 76 108 116 152 160 176 182 183 188 199 
25 35 55 73 80 85 86 91 96 99 115 126 146 153 163 177 181 182 190 
19 28 40 43 49 67 73 80 97 100 112 119 120 122 162 163 168 182 191 
5 14 15 18 52 84 95 99 104 110 120 143 164 164 165 168 169 170 195 
8 9 25 29 43 48 59 65 70 88 118 128 134 148 172 194 198 199 200 
10 13 31 37 40 42 59 75 104 134 147 160 163 165 177 181 183 186 189 
###
1 2 10 11 12 15 29 65 79 104 114 117 144 145 149 176 177 182 191 195 
3 3 10 17 19 41 48 56 69 91 96 101 105 107 146 148 153 168 186 196 
14 19 20 20 25 35 36 45 67 73 75 77 88 89 90 99 110 172 174 186 
8 10 18 24 25 26 34 36 39 42 44 45 67 71 72 76 82 108 138 193 
1 28 36 43 47 48 65 70 75 87 109 110 137 143 146 148 155 165 170 182 
16 31 33 44 47 48 49 50 57 58 69 76 102 116 118 123 138 148 153 183 
8 14 21 28 34 61 71 73 75 100 106 123 136 160 161 162 163 166 186 193 
8 10 13 17 25 34 36 50 50 53 68 77 91 98 131 155 161 167 173 180 
7 13 21 25 39 50 55 62 81 87 88 120 133 138 142 155 170 179 190 197 
11 13 27 30 33 38 46 48 62 75 75 84 107 119 121 123 160 163 169 176 
1 20 59 70 71 76 83 86 94 98 119 125 136 141 155 158 175 176 193 196 
23 26 27 34 42 58 78 80 87 92 94 120 129 132 162 168 180 185 188 191 
14 16 66 85 90 91 92 96 99 100 111 114 138 144 166 182 192 196 199 200 
3 6 24 27 37 45 59 62 96 100 100 105 119 142 151 154 172 172 179 183 
14 21 34 35 45 46 48 59 75 81 102 109 110 122 136 145 163 164 181 197 
6 33 53 58 67 120 122 126 135 142 147 151 167 171 173 176 183 196 197 199 
1 8 15 19 47 50 86 97 136 136 137 144 149 152 172 173 186 187 188 189 
10 17 23 43 44 58 63 66 72 76 108 116 147 152 160 176 182 183 188 199 
25 35 55 73 80 85 86 91 96 99 115 126 146 153 153 163 177 181 182 190 
19 28 40 43 49 67 73 80 97 100 112 119 120 122 156 162 163 168 182 191 
5 14 15 18 52 84 95 99 104 110 120 143 160 164 164 165 168 169 170 195 
8 9 25 29 43 48 59 65 70 88 118 128 134 148 172 172 194 198 199 200 
10 13 31 37 40 42 59 75 104 134 147 160 163 165 177 178 181 183 186 189 
###
1 2 10 11 12 29 65 79 104 114 117 144 145 149 176 177 182 191 195 
3 3 10 17 19 48 56 69 91 96 101 105 107 146 148 153 168 186 196 
14 19 20 20 25 36 45 67 73 75 77 88 89 90 99 110 172 174 186 
8 10 18 24 25 34 36 39 42 44 45 67 71 72 76 82 108 138 193 
1 28 36 43 47 65 70 75 87 109 110 137 143 146 148 155 165 170 182 
16 31 33 44 47 49 50 57 58 69 76 102 116 118 123 138 148 153 183 
8 14 21 28 34 71 73 75 100 106 123 136 160 161 162 163 166 186 193 
8 10 13 17 25 36 50 50 53 68 77 91 98 131 155 161 167 173 180 
7 13 21 25 39 55 62 81 87 88 120 133 138 142 155 170 179 190 197 
11 13 27 30 33 46 48 62 75 75 84 107 119 121 123 160 163 169 176 
1 20 59 70 71 83 86 94 98 119 125 136 141 155 158 175 176 193 196 
23 26 27 34 42 78 80 87 92 94 120 129 132 162 168 180 185 188 191 
14 16 66 85 90 92 96 99 100 111 114 138 144 166 182 192 196 199 200 
3 6 24 27 37 59 62 96 100 100 105 119 142 151 154 172 172 179 183 
14 21 34 35 45 48 59 75 81 102 109 110 122 136 145 163 164 181 197 
6 33 53 58 67 122 126 135 142 147 151 167 171 173 176 183 196 197 199 
1 8 15 19 47 86 97 136 136 137 144 149 152 172 173 186 187 188 189 
10 17 23 43 44 63 66 72 76 108 116 147 152 160 176 182 183 188 199 
25 35 55 73 80 86 91 96 99 115 126 146 153 153 163 177 181 182 190 
19 28 40 43 49 73 80 97 100 112 119 120 122 156 162 163 168 182 191 
5 14 15 18 52 95 99 104 110 120 143 160 164 164 165 168 169 170 195 
8 9 25 29 43 59 65 70 88 118 128 134 148 172 172 194 198 199 200 
10 13 31 37 40 59 75 104 134 147 160 163 165 177 178 181 183 186 189 
###
1 2 5 10 11 12 29 65 79 104 114 117 144 145 149 176 177 182 191 195 
3 3 8 10 17 19 48 56 69 91 96 101 105 107 146 148 153 168 186 196 
9 14 19 20 20 25 36 45 67 73 75 77 88 89 90 99 110 172 174 186 
8 10 18 21 24 25 34 36 39 42 44 45 67 71 72 76 82 108 138 193 
1 24 28 36 43 47 65 70 75 87 109 110 137 143 146 148 155 165 170 182 
16 31 33 44 46 47 49 50 57 58 69 76 102 116 118 123 138 148 153 183 
8 14 21 28 34 52 71 73 75 100 106 123 136 160 161 162 163 166 186 193 
8 10 13 17 25 36 50 50 53 53 68 77 91 98 131 155 161 167 173 180 
7 13 21 25 39 54 55 62 81 87 88 120 133 138 142 155 170 179 190 197 
11 13 27 30 33 46 48 55 62 75 75 84 107 119 121 123 160 163 169 176 
1 20 56 59 70 71 83 86 94 98 119 125 136 141 155 158 175 176 193 196 
23 26 27 34 42 60 78 80 87 92 94 120 129 132 162 168 180 185 188 191 
14 16 66 76 85 90 92 96 99 100 111 114 138 144 166 182 192 196 199 200 
3 6 24 27 37 59 62 83 96 100 100 105 119 142 151 154 172 172 179 183 
14 21 34 35 45 48 59 75 81 88 102 109 110 122 136 145 163 164 181 197 
6 33 53 58 67 89 122 126 135 142 147 151 167 171 173 176 183 196 197 199 
1 8 15 19 47 86 90 97 136 136 137 144 149 152 172 173 186 187 188 189 
10 17 23 43 44 63 66 72 76 100 108 116 147 152 160 176 182 183 188 199 
25 35 55 73 80 86 91 96 99 115 122 126 146 153 153 163 177 181 182 190 
19 28 40 43 49 73 80 97 100 112 119 120 122 132 156 162 163 168 182 191 
5 14 15 18 52 95 99 104 110 120 143 159 160 164 164 165 168 169 170 195 
8 9 25 29 43 59 65 70 88 118 128 134 148 162 172 172 194 198 199 200 
10 13 31 37 40 59 75 104 134 147 160 163 165 169 177 178 181 183 186 189 
###
1 2 5 10 11 11 12 29 65 79 104 114 117 144 145 149 176 177 182 191 195 
3 3 8 10 17 19 34 48 56 69 91 96 101 105 107 146 148 153 168 186 196 
9 14 19 20 20 25 36 43 45 67 73 75 77 88 89 90 99 110 172 174 186 
8 10 18 21 24 25 34 36 39 42 44 45 46 67 71 72 76 82 108 138 193 
1 24 28 36 43 47 55 65 70 75 87 109 110 137 143 146 148 155 165 170 182 
16 31 33 44 46 47 49 50 57 57 58 69 76 102 116 118 123 138 148 153 183 
8 14 21 28 34 52 71 73 75 93 100 106 123 136 160 161 162 163 166 186 193 
8 10 13 17 25 36 50 50 53 53 68 77 91 98 108 131 155 161 167 173 180 
7 13 21 25 39 54 55 62 81 87 88 110 120 133 138 142 155 170 179 190 197 
11 13 27 30 33 46 48 55 62 75 75 84 107 112 119 121 123 160 163 169 176 
1 20 56 59 70 71 83 86 94 98 119 122 125 136 141 155 158 175 176 193 196 
23 26 27 34 42 60 78 80 87 92 94 120 124 129 132 162 168 180 185 188 191 
14 16 66 76 85 90 92 96 99 100 111 114 138 138 144 166 182 192 196 199 200 
3 6 24 27 37 59 62 83 96 100 100 105 119 142 148 151 154 172 172 179 183 
14 21 34 35 45 48 59 75 81 88 102 109 110 122 136 145 152 163 164 181 197 
6 33 53 58 67 89 122 126 135 142 147 151 163 167 171 173 176 183 196 197 199 
1 8 15 19 47 86 90 97 136 136 137 144 149 152 172 172 173 186 187 188 189 
10 17 23 43 44 63 66 72 76 100 108 116 147 152 160 176 178 182 183 188 199 
25 35 55 73 80 86 91 96 99 115 122 126 146 153 153 163 177 180 181 182 190 
19 28 40 43 49 73 80 97 100 112 119 120 122 132 156 162 163 168 182 188 191 
5 14 15 18 52 95 99 104 110 120 143 159 160 164 164 165 168 169 170 190 195 
8 9 25 29 43 59 65 70 88 118 128 134 148 162 172 172 194 195 198 199 200 
10 13 31 37 40 59 75 104 134 147 160 163 165 169 177 178 181 183 186 189 196 
###
1 2 5 10 11 11 12 29 65 79 104 114 117 144 145 149 176 177 182 191 195 
3 3 8 10 17 19 34 48 56 69 91 96 101 105 107 146 148 153 168 186 196 
9 14 19 20 20 25 36 43 45 67 73 75 77 88 89 90 99 110 172 174 186 
8 10 18 21 24 25 34 36 39 42 44 45 46 67 71 72 76 82 108 138 193 
1 24 28 36 43 47 55 65 70 75 87 109 110 137 143 146 148 155 165 170 182 
16 31 33 44 46 47 49 50 57 57 58 69 76 102 116 118 123 138 148 153 183 
8 14 21 28 34 52 71 73 75 93 100 106 123 136 160 161 162 163 166 186 193 
7 13 21 25 39 54 55 62 81 87 88 110 120 133 138 142 155 170 179 190 197 
11 13 27 30 33 46 48 55 62 75 75 84 107 112 119 121 123 160 163 169 176 
1 20 56 59 70 71 83 86 94 98 119 122 125 136 141 155 158 175 176 193 196 
23 26 27 34 42 60 78 80 87 92 94 120 124 129 132 162 168 180 185 188 191 
14 16 66 76 85 90 92 96 99 100 111 114 138 138 144 166 182 192 196 199 200 
3 6 24 27 37 59 62 83 96 100 100 105 119 142 148 151 154 172 172 179 183 
14 21 34 35 45 48 59 75 81 88 102 109 110 122 136 145 152 163 164 181 197 
6 33 53 58 67 89 122 126 135 142 147 151 163 167 171 173 176 183 196 197 199 
1 8 15 19 47 86 90 97 136 136 137 144 149 152 172 172 173 186 187 188 189 
10 17 23 43 44 63 66 72 76 100 108 116 147 152 160 176 178 182 183 188 199 
25 35 55 73 80 86 91 96 99 115 122 126 146 153 153 163 177 180 181 182 190 
19 28 40 43 49 73 80 97 100 112 119 120 122 132 156 162 163 168 182 188 191 
5 14 15 18 52 95 99 104 110 120 143 159 160 164 164 165 168 169 170 190 195 
8 9 25 29 43 59 65 70 88 118 128 134 148 162 172 172 194 195 198 199 200 
10 13 31 37 40 59 75 104 134 147 160 163 165 169 177 178 181 183 186 189 196 
###
1 2 5 11 11 12 29 65 79 104 114 117 144 145 149 176 177 182 191 195 
3 3 8 17 19 34 48 56 69 91 96 101 105 107 146 148 153 168 186 196 
9 14 19 20 25 36 43 45 67 73 75 77 88 89 90 99 110 172 174 186 
8 10 18 24 25 34 36 39 42 44 45 46 67 71 72 76 82 108 138 193 
1 24 28 43 47 55 65 70 75 87 109 110 137 143 146 148 155 165 170 182 
16 31 33 46 47 49 50 57 57 58 69 76 102 116 118 123 138 148 153 183 
8 14 21 34 52 71 73 75 93 100 106 123 136 160 161 162 163 166 186 193 
7 13 21 39 54 55 62 81 87 88 110 120 133 138 142 155 170 179 190 197 
11 13 27 33 46 48 55 62 75 75 84 107 112 119 121 123 160 163 169 176 
1 20 56 70 71 83 86 94 98 119 122 125 136 141 155 158 175 176 193 196 
23 26 27 42 60 78 80 87 92 94 120 124 129 132 162 168 180 185 188 191 
14 16 66 85 90 92 96 99 100 111 114 138 138 144 166 182 192 196 199 200 
3 6 24 37 59 62 83 96 100 100 105 119 142 148 151 154 172 172 179 183 
14 21 34 45 48 59 75 81 88 102 109 110 122 136 145 152 163 164 181 197 
6 33 53 67 89 122 126 135 142 147 151 163 167 171 173 176 183 196 197 199 
1 8 15 47 86 90 97 136 136 137 144 149 152 172 172 173 186 187 188 189 
10 17 23 44 63 66 72 76 100 108 116 147 152 160 176 178 182 183 188 199 
25 35 55 80 86 91 96 99 115 122 126 146 153 153 163 177 180 181 182 190 
19 28 40 49 73 80 97 100 112 119 120 122 132 156 162 163 168 182 188 191 
5 14 15 52 95 99 104 110 120 143 159 160 164 164 165 168 169 170 190 195 
8 9 25 43 59 65 70 88 118 128 134 148 162 172 172 194 195 198 199 200 
10 13 31 40 59 75 104 134 147 160 163 165 169 177 178 181 183 186 189 196 
###
1 2 5 11 11 12 29 65 79 104 114 117 144 145 149 176 177 182 191 195 
3 3 8 17 19 34 48 56 69 91 96 101 105 107 146 148 153 168 186 196 
9 14 19 20 25 36 43 45 67 73 75 77 88 89 90 99 110 172 174 186 
1 24 28 43 47 55 65 70 75 87 109 110 137 143 146 148 155 165 170 182 
16 31 33 46 47 49 50 57 57 58 69 76 102 116 118 123 138 148 153 183 
8 14 21 34 52 71 73 75 93 100 106 123 136 160 161 162 163 166 186 193 
7 13 21 39 54 55 62 81 87 88 110 120 133 138 142 155 170 179 190 197 
11 13 27 33 46 48 55 62 75 75 84 107 112 119 121 123 160 163 169 176 
1 20 56 70 71 83 86 94 98 119 122 125 136 141 155 158 175 176 193 196 
23 26 27 42 60 78 80 87 92 94 120 124 129 132 162 168 180 185 188 191 
14 16 66 85 90 92 96 99 100 111 114 138 138 144 166 182 192 196 199 200 
3 6 24 37 59 62 83 96 100 100 105 119 142 148 151 154 172 172 179 183 
14 21 34 45 48 59 75 81 88 102 109 110 122 136 145 152 163 164 181 197 
6 33 53 67 89 122 126 135 142 147 151 163 167 171 173 176 183 196 197 199 
1 8 15 47 86 90 97 136 136 137 144 149 152 172 172 173 186 187 188 189 
10 17 23 44 63 66 72 76 100 108 116 147 152 160 176 178 182 183 188 199 
25 35 55 80 86 91 96 99 115 122 126 146 153 153 163 177 180 181 182 190 
19 28 40 49 73 80 97 100 112 119 120 122 132 156 162 163 168 182 188 191 
5 14 15 52 95 99 104 110 120 143 159 160 164 164 165 168 169 170 190 195 
8 9 25 43 59 65 70 88 118 128 134 148 162 172 172 194 195 198 199 200 
10 13 31 40 59 75 104 134 147 160 163 165 169 177 178 181 183 186 189 196 
###
1 2 5 11 11 12 29 65 79 104 114 117 144 145 149 176 177 182 191 195 
3 3 8 17 19 34 48 56 69 91 96 101 105 107 146 148 153 168 186 196 
1 24 28 43 47 55 65 70 75 87 109 110 137 143 146 148 155 165 170 182 
16 31 33 46 47 49 50 57 57 58 69 76 102 116 118 123 138 148 153 183 
8 14 21 34 52 71 73 75 93 100 106 123 136 160 161 162 163 166 186 193 
7 13 21 39 54 55 62 81 87 88 110 120 133 138 142 155 170 179 190 197 
11 13 27 33 46 48 55 62 75 75 84 107 112 119 121 123 160 163 169 176 
1 20 56 70 71 83 86 94 98 119 122 125 136 141 155 158 175 176 193 196 
23 26 27 42 60 78 80 87 92 94 120 124 129 132 162 168 180 185 188 191 
14 16 66 85 90 92 96 99 100 111 114 138 138 144 166 182 192 196 199 200 
3 6 24 37 59 62 83 96 100 100 105 119 142 148 151 154 172 172 179 183 
14 21 34 45 48 59 75 81 88 102 109 110 122 136 145 152 163 164 181 197 
6 33 53 67 89 122 126 135 142 147 151 163 167 171 173 176 183 196 197 199 
1 8 15 47 86 90 97 136 136 137 144 149 152 172 172 173 186 187 188 189 
10 17 23 44 63 66 72 76 100 108 116 147 152 160 176 178 182 183 188 199 
25 35 55 80 86 91 96 99 115 122 126 146 153 153 163 177 180 181 182 190 
19 28 40 49 73 80 97 100 112 119 120 122 132 156 162 163 168 182 188 191 
5 14 15 52 95 99 104 110 120 143 159 160 164 164 165 168 169 170 190 195 
8 9 25 43 59 65 70 88 118 128 134 148 162 172 172 194 195 198 199 200 
10 13 31 40 59 75 104 134 147 160 163 165 169 177 178 181 183 186 189 196 
###
1 2 5 11 11 12 29 65 79 104 117 144 145 149 176 177 182 191 195 
3 3 8 17 19 34 48 56 69 91 101 105 107 146 148 153 168 186 196 
1 24 28 43 47 55 65 70 75 87 110 137 143 146 148 155 165 170 182 
16 31 33 46 47 49 50 57 57 58 76 102 116 118 123 138 148 153 183 
8 14 21 34 52 71 73 75 93 100 123 136 160 161 162 163 166 186 193 
7 13 21 39 54 55 62 81 87 88 120 133 138 142 155 170 179 190 197 
11 13 27 33 46 48 55 62 75 75 107 112 119 121 123 160 163 169 176 
1 20 56 70 71 83 86 94 98 119 125 136 141 155 158 175 176 193 196 
23 26 27 42 60 78 80 87 92 94 124 129 132 162 168 180 185 188 191 
14 16 66 85 90 92 96 99 100 111 138 138 144 166 182 192 196 199 200 
3 6 24 37 59 62 83 96 100 100 119 142 148 151 154 172 172 179 183 
14 21 34 45 48 59 75 81 88 102 110 122 136 145 152 163 164 181 197 
6 33 53 67 89 122 126 135 142 147 163 167 171 173 176 183 196 197 199 
1 8 15 47 86 90 97 136 136 137 149 152 172 172 173 186 187 188 189 
10 17 23 44 63 66 72 76 100 108 147 152 160 176 178 182 183 188 199 
25 35 55 80 86 91 96 99 115 122 146 153 153 163 177 180 181 182 190 
19 28 40 49 73 80 97 100 112 119 122 132 156 162 163 168 182 188 191 
5 14 15 52 95 99 104 110 120 143 160 164 164 165 168 169 170 190 195 
8 9 25 43 59 65 70 88 118 128 148 162 172 172 194 195 198 199 200 
10 13 31 40 59 75 104 134 147 160 165 169 177 178 181 183 186 189 196 
###
1 2 5 11 11 12 29 65 79 104 117 144 145 149 176 177 182 191 195 
3 3 8 17 19 34 48 56 69 91 101 105 107 146 148 153 168 186 196 
1 24 28 43 47 55 65 70 75 87 110 137 143 146 148 155 165 170 182 
16 31 33 46 47 49 50 57 57 58 76 102 116 118 123 138 148 153 183 
8 14 21 34 52 71 73 75 93 100 123 136 160 161 162 163 166 186 193 
7 13 21 39 54 55 62 81 87 88 120 133 138 142 155 170 179 190 197 
11 13 27 33 46 48 55 62 75 75 107 112 119 121 123 160 163 169 176 
1 20 56 70 71 83 86 94 98 119 125 136 141 155 158 175 176 193 196 
23 26 27 42 60 78 80 87 92 94 124 129 132 162 168 180 185 188 191 
3 6 24 37 59 62 83 96 100 100 119 142 148 151 154 172 172 179 183 
14 21 34 45 48 59 75 81 88 102 110 122 136 145 152 163 164 181 197 
6 33 53 67 89 122 126 135 142 147 163 167 171 173 176 183 196 197 199 
1 8 15 47 86 90 97 136 136 137 149 152 172 172 173 186 187 188 189 
10 17 23 44 63 66 72 76 100 108 147 152 160 176 178 182 183 188 199 
25 35 55 80 86 91 96 99 115 122 146 153 153 163 177 180 181 182 190 
19 28 40 49 73 80 97 100 112 119 122 132 156 162 163 168 182 188 191 
5 14 15 52 95 99 104 110 120 143 160 164 164 165 168 169 170 190 195 
8 9 25 43 59 65 70 88 118 128 148 162 172 172 194 195 198 199 200 
10 13 31 40 59 75 104 134 147 160 165 169 177 178 181 183 186 189 196 
###
1 1 2 5 11 11 12 29 65 79 104 117 144 145 149 176 177 182 191 195 
3 3 3 8 17 19 34 48 56 69 91 101 105 107 146 148 153 168 186 196 
1 24 28 31 43 47 55 65 70 75 87 110 137 143 146 148 155 165 170 182 
16 31 33 36 46 47 49 50 57 57 58 76 102 116 118 123 138 148 153 183 
8 14 21 34 37 52 71 73 75 93 100 123 136 160 161 162 163 166 186 193 
7 13 21 39 41 54 55 62 81 87 88 120 133 138 142 155 170 179 190 197 
11 13 27 33 45 46 48 55 62 75 75 107 112 119 121 123 160 163 169 176 
1 20 56 58 70 71 83 86 94 98 119 125 136 141 155 158 175 176 193 196 
23 26 27 42 60 64 78 80 87 92 94 124 129 132 162 168 180 185 188 191 
3 6 24 37 59 62 76 83 96 100 100 119 142 148 151 154 172 172 179 183 
14 21 34 45 48 59 75 81 88 102 110 122 136 145 148 152 163 164 181 197 
6 33 53 67 89 122 126 135 142 147 150 163 167 171 173 176 183 196 197 199 
1 8 15 47 86 90 97 136 136 137 149 152 157 172 172 173 186 187 188 189 
10 17 23 44 63 66 72 76 100 108 147 152 159 160 176 178 182 183 188 199 
25 35 55 80 86 91 96 99 115 122 146 153 153 163 163 177 180 181 182 190 
19 28 40 49 73 80 97 100 112 119 122 132 156 162 163 168 171 182 188 191 
5 14 15 52 95 99 104 110 120 143 160 164 164 165 168 169 170 182 190 195 
8 9 25 43 59 65 70 88 118 128 148 162 172 172 184 194 195 198 199 200 
10 13 31 40 59 75 104 134 147 160 165 169 177 178 181 183 186 189 194 196 
###
1 1 2 5 11 11 12 29 65 79 104 117 144 145 149 176 177 182 191 195 
1 24 28 31 43 47 55 65 70 75 87 110 137 143 146 148 155 165 170 182 
16 31 33 36 46 47 49 50 57 57 58 76 102 116 118 123 138 148 153 183 
8 14 21 34 37 52 71 73 75 93 100 123 136 160 161 162 163 166 186 193 
7 13 21 39 41 54 55 62 81 87 88 120 133 138 142 155 170 179 190 197 
11 13 27 33 45 46 48 55 62 75 75 107 112 119 121 123 160 163 169 176 
1 20 56 58 70 71 83 86 94 98 119 125 136 141 155 158 175 176 193 196 
23 26 27 42 60 64 78 80 87 92 94 124 129 132 162 168 180 185 188 191 
3 6 24 37 59 62 76 83 96 100 100 119 142 148 151 154 172 172 179 183 
14 21 34 45 48 59 75 81 88 102 110 122 136 145 148 152 163 164 181 197 
6 33 53 67 89 122 126 135 142 147 150 163 167 171 173 176 183 196 197 199 
1 8 15 47 86 90 97 136 136 137 149 152 157 172 172 173 186 187 188 189 
10 17 23 44 63 66 72 76 100 108 147 152 159 160 176 178 182 183 188 199 
25 35 55 80 86 91 96 99 115 122 146 153 153 163 163 177 180 181 182 190 
19 28 40 49 73 80 97 100 112 119 122 132 156 162 163 168 171 182 188 191 
5 14 15 52 95 99 104 110 120 143 160 164 164 165 168 169 170 182 190 195 
8 9 25 43 59 65 70 88 118 128 148 162 172 172 184 194 195 198 199 200 
10 13 31 40 59 75 104 134 147 160 165 169 177 178 181 183 186 189 194 196 
###
1 24 28 31 43 47 55 65 70 75 87 110 137 143 146 148 155 165 170 182 
16 31 33 36 46 47 49 50 57 57 58 76 102 116 118 123 138 148 153 183 
8 14 21 34 37 52 71 73 75 93 100 123 136 160 161 162 163 166 186 193 
7 13 21 39 41 54 55 62 81 87 88 120 133 138 142 155 170 179 190 197 
11 13 27 33 45 46 48 55 62 75 75 107 112 119 121 123 160 163 169 176 
1 20 56 58 70 71 83 86 94 98 119 125 136 141 155 158 175 176 193 196 
23 26 27 42 60 64 78 80 87 92 94 124 129 132 162 168 180 185 188 191 
3 6 24 37 59 62 76 83 96 100 100 119 142 148 151 154 172 172 179 183 
14 21 34 45 48 59 75 81 88 102 110 122 136 145 148 152 163 164 181 197 
6 33 53 67 89 122 126 135 142 147 150 163 167 171 173 176 183 196 197 199 
1 8 15 47 86 90 97 136 136 137 149 152 157 172 172 173 186 187 188 189 
10 17 23 44 63 66 72 76 100 108 147 152 159 160 176 178 182 183 188 199 
25 35 55 80 86 91 96 99 115 122 146 153 153 163 163 177 180 181 182 190 
19 28 40 49 73 80 97 100 112 119 122 132 156 162 163 168 171 182 188 191 
5 14 15 52 95 99 104 110 120 143 160 164 164 165 168 169 170 182 190 195 
8 9 25 43 59 65 70 88 118 128 148 162 172 172 184 194 195 198 199 200 
10 13 31 40 59 75 104 134 147 160 165 169 177 178 181 183 186 189 194 196 
###
1 24 28 31 47 55 65 70 75 87 110 137 143 146 148 155 165 170 182 
16 31 33 36 47 49 50 57 57 58 76 102 116 118 123 138 148 153 183 
8 14 21 34 52 71 73 75 93 100 123 136 160 161 162 163 166 186 193 
7 13 21 39 54 55 62 81 87 88 120 133 138 142 155 170 179 190 197 
11 13 27 33 46 48 55 62 75 75 107 112 119 121 123 160 163 169 176 
1 20 56 58 71 83 86 94 98 119 125 136 141 155 158 175 176 193 196 
23 26 27 42 64 78 80 87 92 94 124 129 132 162 168 180 185 188 191 
3 6 24 37 62 76 83 96 100 100 119 142 148 151 154 172 172 179 183 
14 21 34 45 59 75 81 88 102 110 122 136 145 148 152 163 164 181 197 
6 33 53 67 122 126 135 142 147 150 163 167 171 173 176 183 196 197 199 
1 8 15 47 90 97 136 136 137 149 152 157 172 172 173 186 187 188 189 
10 17 23 44 66 72 76 100 108 147 152 159 160 176 178 182 183 188 199 
25 35 55 80 91 96 99 115 122 146 153 153 163 163 177 180 181 182 190 
19 28 40 49 80 97 100 112 119 122 132 156 162 163 168 171 182 188 191 
5 14 15 52 99 104 110 120 143 160 164 164 165 168 169 170 182 190 195 
8 9 25 43 65 70 88 118 128 148 162 172 172 184 194 195 198 199 200 
10 13 31 40 75 104 134 147 160 165 169 177 178 181 183 186 189 194 196 
###
1 24 28 31 47 55 65 70 75 87 110 137 143 146 148 155 165 170 182 
8 14 21 34 52 71 73 75 93 100 123 136 160 161 162 163 166 186 193 
7 13 21 39 54 55 62 81 87 88 120 133 138 142 155 170 179 190 197 
11 13 27 33 46 48 55 62 75 75 107 112 119 121 123 160 163 169 176 
1 20 56 58 71 83 86 94 98 119 125 136 141 155 158 175 176 193 196 
23 26 27 42 64 78 80 87 92 94 124 129 132 162 168 180 185 188 191 
3 6 24 37 62 76 83 96 100 100 119 142 148 151 154 172 172 179 183 
14 21 34 45 59 75 81 88 102 110 122 136 145 148 152 163 164 181 197 
6 33 53 67 122 126 135 142 147 150 163 167 171 173 176 183 196 197 199 
1 8 15 47 90 97 136 136 137 149 152 157 172 172 173 186 187 188 189 
10 17 23 44 66 72 76 100 108 147 152 159 160 176 178 182 183 188 199 
25 35 55 80 91 96 99 115 122 146 153 153 163 163 177 180 181 182 190 
19 28 40 49 80 97 100 112 119 122 132 156 162 163 168 171 182 188 191 
5 14 15 52 99 104 110 120 143 160 164 164 165 168 169 170 182 190 195 
8 9 25 43 65 70 88 118 128 148 162 172 172 184 194 195 198 199 200 
10 13 31 40 75 104 134 147 160 165 169 177 178 181 183 186 189 194 196 
###
1 24 28 31 47 55 65 70 75 87 110 137 143 146 148 155 165 170 182 
8 14 21 34 52 71 73 75 93 100 123 136 160 161 162 163 166 186 193 
11 13 27 33 46 48 55 62 75 75 107 112 119 121 123 160 163 169 176 
1 20 56 58 71 83 86 94 98 119 125 136 141 155 158 175 176 193 196 
23 26 27 42 64 78 80 87 92 94 124 129 132 162 168 180 185 188 191 
3 6 24 37 62 76 83 96 100 100 119 142 148 151 154 172 172 179 183 
14 21 34 45 59 75 81 88 102 110 122 136 145 148 152 163 164 181 197 
6 33 53 67 122 126 135 142 147 150 163 167 171 173 176 183 196 197 199 
1 8 15 47 90 97 136 136 137 149 152 157 172 172 173 186 187 188 189 
10 17 23 44 66 72 76 100 108 147 152 159 160 176 178 182 183 188 199 
25 35 55 80 91 96 99 115 122 146 153 153 163 163 177 180 181 182 190 
19 28 40 49 80 97 100 112 119 122 132 156 162 163 168 171 182 188 191 
5 14 15 52 99 104 110 120 143 160 164 164 165 168 169 170 182 190 195 
8 9 25 43 65 70 88 118 128 148 162 172 172 184 194 195 198 199 200 
10 13 31 40 75 104 134 147 160 165 169 177 178 181 183 186 189 194 196 
###
1 10 24 28 31 47 55 65 70 75 87 110 137 143 146 148 155 165 170 182 
8 14 17 21 34 52 71 73 75 93 100 123 136 160 161 162 163 166 186 193 
11 13 19 27 33 46 48 55 62 75 75 107 112 119 121 123 160 163 169 176 
1 20 29 56 58 71 83 86 94 98 119 125 136 141 155 158 175 176 193 196 
23 26 27 31 42 64 78 80 87 92 94 124 129 132 162 168 180 185 188 191 
3 6 24 34 37 62 76 83 96 100 100 119 142 148 151 154 172 172 179 183 
14 21 34 45 59 75 81 88 91 102 110 122 136 145 148 152 163 164 181 197 
6 33 53 67 112 122 126 135 142 147 150 163 167 171 173 176 183 196 197 199 
1 8 15 47 90 97 114 136 136 137 149 152 157 172 172 173 186 187 188 189 
10 17 23 44 66 72 76 100 108 130 147 152 159 160 176 178 182 183 188 199 
25 35 55 80 91 96 99 115 122 135 146 153 153 163 163 177 180 181 182 190 
19 28 40 49 80 97 100 112 119 122 132 154 156 162 163 168 171 182 188 191 
5 14 15 52 99 104 110 120 143 155 160 164 164 165 168 169 170 182 190 195 
8 9 25 43 65 70 88 118 128 148 162 172 172 176 184 194 195 198 199 200 
10 13 31 40 75 104 134 147 160 165 169 177 178 181 183 185 186 189 194 196 
###
1 10 24 28 31 47 55 65 70 75 87 110 137 143 146 148 155 165 170 182 
8 14 17 21 34 52 71 73 75 93 100 123 136 160 161 162 163 166 186 193 
11 13 19 27 33 46 48 55 62 75 75 107 112 119 121 123 160 163 169 176 
1 20 29 56 58 71 83 86 94 98 119 125 136 141 155 158 175 176 193 196 
23 26 27 31 42 64 78 80 87 92 94 124 129 132 162 168 180 185 188 191 
3 6 24 34 37 62 76 83 96 100 100 119 142 148 151 154 172 172 179 183 
14 21 34 45 59 75 81 88 91 102 110 122 136 145 148 152 163 164 181 197 
6 33 53 67 112 122 126 135 142 147 150 163 167 171 173 176 183 196 197 199 
1 8 15 47 90 97 114 136 136 137 149 152 157 172 172 173 186 187 188 189 
10 17 23 44 66 72 76 100 108 130 147 152 159 160 176 178 182 183 188 199 
25 35 55 80 91 96 99 115 122 135 146 153 153 163 163 177 180 181 182 190 
19 28 40 49 80 97 100 112 119 122 132 154 156 162 163 168 171 182 188 191 
5 14 15 52 99 104 110 120 143 155 160 164 164 165 168 169 170 182 190 195 
8 9 25 43 65 70 88 118 128 148 162 172 172 176 184 194 195 198 199 200 
10 13 31 40 75 104 134 147 160 165 169 177 178 181 183 185 186 189 194 196 
22 25 27 33 37 54 55 56 94 104 117 120 128 140 146 149 160 161 173 177 
###
1 10 24 28 31 47 55 65 70 75 87 110 137 143 146 148 155 165 170 182 
8 14 17 21 34 52 71 73 75 93 100 123 136 160 161 162 163 166 186 193 
11 13 19 27 33 46 48 55 62 75 75 107 112 119 121 123 160 163 169 176 
1 20 29 56 58 71 83 86 94 98 119 125 136 141 155 158 175 176 193 196 
23 26 27 31 42 64 78 80 87 92 94 124 129 132 162 168 180 185 188 191 
3 6 24 34 37 62 76 83 96 100 100 119 142 148 151 154 172 172 179 183 
14 21 34 45 59 75 81 88 91 102 110 122 136 145 148 152 163 164 181 197 
6 33 53 67 112 122 126 135 142 147 150 163 167 171 173 176 183 196 197 199 
1 8 15 47 90 97 114 136 136 137 149 152 157 172 172 173 186 187 188 189 
10 17 23 44 66 72 76 100 108 130 147 152 159 160 176 178 182 183 188 199 
25 35 55 80 91 96 99 115 122 135 146 153 153 163 163 177 180 181 182 190 
19 28 40 49 80 97 100 112 119 122 132 154 156 162 163 168 171 182 188 191 
5 14 15 52 99 104 110 120 143 155 160 164 164 165 168 169 170 182 190 195 
8 9 25 43 65 70 88 118 128 148 162 172 172 176 184 194 195 198 199 200 
10 13 31 40 75 104 134 147 160 165 169 177 178 181 183 185 186 189 194 196 
22 25 27 33 37 54 55 56 94 104 117 120 128 140 146 149 160 161 173 177 
12 18 25 29 33 36 54 57 66 96 98 102 108 109 118 135 152 168 189 193 
###
1 10 24 28 31 47 55 65 70 75 87 110 143 146 148 155 165 170 182 
8 14 17 21 34 52 71 73 75 93 100 123 160 161 162 163 166 186 193 
11 13 19 27 33 46 48 55 62 75 75 107 119 121 123 160 163 169 176 
1 20 29 56 58 71 83 86 94 98 119 125 141 155 158 175 176 193 196 
23 26 27 31 42 64 78 80 87 92 94 124 132 162 168 180 185 188 191 
3 6 24 34 37 62 76 83 96 100 100 119 148 151 154 172 172 179 183 
14 21 34 45 59 75 81 88 91 102 110 122 145 148 152 163 164 181 197 
6 33 53 67 112 122 126 135 142 147 150 163 171 173 176 183 196 197 199 
1 8 15 47 90 97 114 136 136 137 149 152 172 172 173 186 187 188 189 
10 17 23 44 66 72 76 100 108 130 147 152 160 176 178 182 183 188 199 
25 35 55 80 91 96 99 115 122 135 146 153 163 163 177 180 181 182 190 
19 28 40 49 80 97 100 112 119 122 132 154 162 163 168 171 182 188 191 
5 14 15 52 99 104 110 120 143 155 160 164 165 168 169 170 182 190 195 
8 9 25 43 65 70 88 118 128 148 162 172 176 184 194 195 198 199 200 
10 13 31 40 75 104 134 147 160 165 169 177 181 183 185 186 189 194 196 
22 25 27 33 37 54 55 56 94 104 117 120 140 146 149 160 161 173 177 
12 18 25 29 33 36 54 57 66 96 98 102 109 118 135 152 168 189 193 
###
1 10 24 28 31 47 55 65 70 75 87 110 143 146 148 155 165 170 182 
8 14 17 21 34 52 71 73 75 93 100 123 160 161 162 163 166 186 193 
11 13 19 27 33 46 48 55 62 75 75 107 119 121 123 160 163 169 176 
1 20 29 56 58 71 83 86 94 98 119 125 141 155 158 175 176 193 196 
23 26 27 31 42 64 78 80 87 92 94 124 132 162 168 180 185 188 191 
3 6 24 34 37 62 76 83 96 100 100 119 148 151 154 172 172 179 183 
14 21 34 45 59 75 81 88 91 102 110 122 145 148 152 163 164 181 197 
6 33 53 67 112 122 126 135 142 147 150 163 171 173 176 183 196 197 199 
1 8 15 47 90 97 114 136 136 137 149 152 172 172 173 186 187 188 189 
10 17 23 44 66 72 76 100 108 130 147 152 160 176 178 182 183 188 199 
25 35 55 80 91 96 99 115 122 135 146 153 163 163 177 180 181 182 190 
19 28 40 49 80 97 100 112 119 122 132 154 162 163 168 171 182 188 191 
5 14 15 52 99 104 110 120 143 155 160 164 165 168 169 170 182 190 195 
8 9 25 43 65 70 88 118 128 148 162 172 176 184 194 195 198 199 200 
10 13 31 40 75 104 134 147 160 165 169 177 181 183 185 186 189 194 196 
22 25 27 33 37 54 55 56 94 104 117 120 140 146 149 160 161 173 177 
12 18 25 29 33 36 54 57 66 96 98 102 109 118 135 152 168 189 193 
1 25 30 50 51 56 85 91 93 98 107 118 122 128 129 152 160 178 200 
###
1 10 24 28 31 47 55 65 70 75 87 110 143 146 148 155 165 170 182 
8 14 17 21 34 52 71 73 75 93 100 123 160 161 162 163 166 186 193 
11 13 19 27 33 46 48 55 62 75 75 107 119 121 123 160 163 169 176 
1 20 29 56 58 71 83 86 94 98 119 125 141 155 158 175 176 193 196 
23 26 27 31 42 64 78 80 87 92 94 124 132 162 168 180 185 188 191 
3 6 24 34 37 62 76 83 96 100 100 119 148 151 154 172 172 179 183 
14 21 34 45 59 75 81 88 91 102 110 122 145 148 152 163 164 181 197 
6 33 53 67 112 122 126 135 142 147 150 163 171 173 176 183 196 197 199 
1 8 15 47 90 97 114 136 136 137 149 152 172 172 173 186 187 188 189 
10 17 23 44 66 72 76 100 108 130 147 152 160 176 178 182 183 188 199 
25 35 55 80 91 96 99 115 122 135 146 153 163 163 177 180 181 182 190 
19 28 40 49 80 97 100 112 119 122 132 154 162 163 168 171 182 188 191 
5 14 15 52 99 104 110 120 143 155 160 164 165 168 169 170 182 190 195 
8 9 25 43 65 70 88 118 128 148 162 172 176 184 194 195 198 199 200 
10 13 31 40 75 104 134 147 160 165 169 177 181 183 185 186 189 194 196 
22 25 27 33 37 54 55 56 94 104 117 120 140 146 149 160 161 173 177 
12 18 25 29 33 36 54 57 66 96 98 102 109 118 135 152 168 189 193 
1 25 30 50 51 56 85 91 93 98 107 118 122 128 129 152 160 178 200 
3 10 21 24 28 32 35 44 55 63 69 71 77 80 89 96 117 194 199 
###
1 10 24 28 31 47 55 65 70 75 87 110 143 146 148 155 165 170 182 
8 14 17 21 34 52 71 73 75 93 100 123 160 161 162 163 166 186 193 
11 13 19 27 33 46 48 55 62 75 75 107 119 121 123 160 163 169 176 
1 20 29 56 58 71 83 86 94 98 119 125 141 155 158 175 176 193 196 
23 26 27 31 42 64 78 80 87 92 94 124 132 162 168 180 185 188 191 
3 6 24 34 37 62 76 83 96 100 100 119 148 151 154 172 172 179 183 
14 21 34 45 59 75 81 88 91 102 110 122 145 148 152 163 164 181 197 
6 33 53 67 112 122 126 135 142 147 150 163 171 173 176 183 196 197 199 
1 8 15 47 90 97 114 136 136 137 149 152 172 172 173 186 187 188 189 
10 17 23 44 66 72 76 100 108 130 147 152 160 176 178 182 183 188 199 
25 35 55 80 91 96 99 115 122 135 146 153 163 163 177 180 181 182 190 
19 28 40 49 80 97 100 112 119 122 132 154 162 163 168 171 182 188 191 
5 14 15 52 99 104 110 120 143 155 160 164 165 168 169 170 182 190 195 
8 9 25 43 65 70 88 118 128 148 162 172 176 184 194 195 198 199 200 
10 13 31 40 75 104 134 147 160 165 169 177 181 183 185 186 189 194 196 
22 25 27 33 37 54 55 56 94 104 117 120 140 146 149 160 161 173 177 
12 18 25 29 33 36 54 57 66 96 98 102 109 118 135 152 168 189 193 
1 25 30 50 51 56 85 91 93 98 107 118 122 128 129 152 160 178 200 
3 10 21 24 28 32 35 44 55 63 69 71 77 80 89 96 117 194 199 
2 10 16 34 38 51 57 72 82 84 88 105 111 123 143 157 168 195 200 
###
1 10 24 28 31 47 55 65 70 75 87 110 143 146 148 155 165 170 182 
8 14 17 21 34 52 71 73 75 93 100 123 160 161 162 163 166 186 193 
11 13 19 27 33 46 48 55 62 75 75 107 119 121 123 160 163 169 176 
1 20 29 56 58 71 83 86 94 98 119 125 141 155 158 175 176 193 196 
23 26 27 31 42 64 78 80 87 92 94 124 132 162 168 180 185 188 191 
3 6 24 34 37 62 76 83 96 100 100 119 148 151 154 172 172 179 183 
14 21 34 45 59 75 81 88 91 102 110 122 145 148 152 163 164 181 197 
6 33 53 67 112 122 126 135 142 147 150 163 171 173 176 183 196 197 199 
1 8 15 47 90 97 114 136 136 137 149 152 172 172 173 186 187 188 189 
10 17 23 44 66 72 76 100 108 130 147 152 160 176 178 182 183 188 199 
25 35 55 80 91 96 99 115 122 135 146 153 163 163 177 180 181 182 190 
19 28 40 49 80 97 100 112 119 122 132 154 162 163 168 171 182 188 191 
5 14 15 52 99 104 110 120 143 155 160 164 165 168 169 170 182 190 195 
8 9 25 43 65 70 88 118 128 148 162 172 176 184 194 195 198 199 200 
10 13 31 40 75 104 134 147 160 165 169 177 181 183 185 186 189 194 196 
22 25 27 33 37 54 55 56 94 104 117 120 140 146 149 160 161 173 177 
12 18 25 29 33 36 54 57 66 96 98 102 109 118 135 152 168 189 193 
1 25 30 50 51 56 85 91 93 98 107 118 122 128 129 152 160 178 200 
3 10 21 24 28 32 35 44 55 63 69 71 77 80 89 96 117 194 199 
2 10 16 34 38 51 57 72 82 84 88 105 111 123 143 157 168 195 200 
42 45 59 60 70 80 83 98 118 129 131 135 149 152 167 169 176 183 187 
###
1 10 24 28 31 55 65 70 75 87 110 143 146 148 155 165 170 182 
8 14 17 21 34 71 73 75 93 100 123 160 161 162 163 166 186 193 
11 13 19 27 33 48 55 62 75 75 107 119 121 123 160 163 169 176 
1 20 29 56 58 83 86 94 98 119 125 141 155 158 175 176 193 196 
23 26 27 31 42 78 80 87 92 94 124 132 162 168 180 185 188 191 
3 6 24 34 37 76 83 96 100 100 119 148 151 154 172 172 179 183 
14 21 34 45 59 81 88 91 102 110 122 145 148 152 163 164 181 197 
6 33 53 67 112 126 135 142 147 150 163 171 173 176 183 196 197 199 
1 8 15 47 90 114 136 136 137 149 152 172 172 173 186 187 188 189 
10 17 23 44 66 76 100 108 130 147 152 160 176 178 182 183 188 199 
25 35 55 80 91 99 115 122 135 146 153 163 163 177 180 181 182 190 
19 28 40 49 80 100 112 119 122 132 154 162 163 168 171 182 188 191 
5 14 15 52 99 110 120 143 155 160 164 165 168 169 170 182 190 195 
8 9 25 43 65 88 118 128 148 162 172 176 184 194 195 198 199 200 
10 13 31 40 75 134 147 160 165 169 177 181 183 185 186 189 194 196 
22 25 27 33 37 55 56 94 104 117 120 140 146 149 160 161 173 177 
12 18 25 29 33 54 57 66 96 98 102 109 118 135 152 168 189 193 
1 25 30 50 51 85 91 93 98 107 118 122 128 129 152 160 178 200 
3 10 21 24 28 35 44 55 63 69 71 77 80 89 96 117 194 199 
2 10 16 34 38 57 72 82 84 88 105 111 123 143 157 168 195 200 
42 45 59 60 70 83 98 118 129 131 135 149 152 167 169 176 183 187 
###
1 10 24 28 31 55 65 70 75 87 110 143 146 148 155 165 170 182 
8 14 17 21 34 71 73 75 93 100 123 160 161 162 163 166 186 193 
11 13 19 27 33 48 55 62 75 75 107 119 121 123 160 163 169 176 
1 20 29 56 58 83 86 94 98 119 125 141 155 158 175 176 193 196 
23 26 27 31 42 78 80 87 92 94 124 132 162 168 180 185 188 191 
3 6 24 34 37 76 83 96 100 100 119 148 151 154 172 172 179 183 
14 21 34 45 59 81 88 91 102 110 122 145 148 152 163 164 181 197 
6 33 53 67 112 126 135 142 147 150 163 171 173 176 183 196 197 199 
1 8 15 47 90 114 136 136 137 149 152 172 172 173 186 187 188 189 
10 17 23 44 66 76 100 108 130 147 152 160 176 178 182 183 188 199 
25 35 55 80 91 99 115 122 135 146 153 163 163 177 180 181 182 190 
19 28 40 49 80 100 112 119 122 132 154 162 163 168 171 182 188 191 
5 14 15 52 99 110 120 143 155 160 164 165 168 169 170 182 190 195 
8 9 25 43 65 88 118 128 148 162 172 176 184 194 195 198 199 200 
10 13 31 40 75 134 147 160 165 169 177 181 183 185 186 189 194 196 
22 25 27 33 37 55 56 94 104 117 120 140 146 149 160 161 173 177 
12 18 25 29 33 54 57 66 96 98 102 109 118 135 152 168 189 193 
1 25 30 50 51 85 91 93 98 107 118 122 128 129 152 160 178 200 
3 10 21 24 28 35 44 55 63 69 71 77 80 89 96 117 194 199 
2 10 16 34 38 57 72 82 84 88 105 111 123 143 157 168 195 200 
42 45 59 60 70 83 98 118 129 131 135 149 152 167 169 176 183 187 
3 10 11 18 38 60 67 70 74 89 124 126 143 144 146 153 175 176 
###
1 10 24 28 31 55 65 70 75 110 143 146 148 155 165 170 182 
8 14 17 21 34 71 73 75 93 123 160 161 162 163 166 186 193 
11 13 19 27 33 48 55 62 75 107 119 121 123 160 163 169 176 
1 20 29 56 58 83 86 94 98 125 141 155 158 175 176 193 196 
23 26 27 31 42 78 80 87 92 124 132 162 168 180 185 188 191 
3 6 24 34 37 76 83 96 100 119 148 151 154 172 172 179 183 
14 21 34 45 59 81 88 91 102 122 145 148 152 163 164 181 197 
6 33 53 67 112 126 135 142 147 163 171 173 176 183 196 197 199 
1 8 15 47 90 114 136 136 137 152 172 172 173 186 187 188 189 
10 17 23 44 66 76 100 108 130 152 160 176 178 182 183 188 199 
25 35 55 80 91 99 115 122 135 153 163 163 177 180 181 182 190 
19 28 40 49 80 100 112 119 122 154 162 163 168 171 182 188 191 
5 14 15 52 99 110 120 143 155 164 165 168 169 170 182 190 195 
8 9 25 43 65 88 118 128 148 172 176 184 194 195 198 199 200 
10 13 31 40 75 134 147 160 165 177 181 183 185 186 189 194 196 
22 25 27 33 37 55 56 94 104 120 140 146 149 160 161 173 177 
12 18 25 29 33 54 57 66 96 102 109 118 135 152 168 189 193 
1 25 30 50 51 85 91 93 98 118 122 128 129 152 160 178 200 
3 10 21 24 28 35 44 55 63 71 77 80 89 96 117 194 199 
2 10 16 34 38 57 72 82 84 105 111 123 143 157 168 195 200 
42 45 59 60 70 83 98 118 129 135 149 152 167 169 176 183 187 
3 10 11 18 38 60 67 70 74 124 126 143 144 146 153 175 176 
###
1 10 24 28 31 55 65 70 75 110 143 146 148 155 165 170 182 
8 14 17 21 34 71 73 75 93 123 160 161 162 163 166 186 193 
11 13 19 27 33 48 55 62 75 107 119 121 123 160 163 169 176 
1 20 29 56 58 83 86 94 98 125 141 155 158 175 176 193 196 
23 26 27 31 42 78 80 87 92 124 132 162 168 180 185 188 191 
3 6 24 34 37 76 83 96 100 119 148 151 154 172 172 179 183 
14 21 34 45 59 81 88 91 102 122 145 148 152 163 164 181 197 
6 33 53 67 112 126 135 142 147 163 171 173 176 183 196 197 199 
1 8 15 47 90 114 136 136 137 152 172 172 173 186 187 188 189 
10 17 23 44 66 76 100 108 130 152 160 176 178 182 183 188 199 
25 35 55 80 91 99 115 122 135 153 163 163 177 180 181 182 190 
19 28 40 49 80 100 112 119 122 154 162 163 168 171 182 188 191 
5 14 15 52 99 110 120 143 155 164 165 168 169 170 182 190 195 
8 9 25 43 65 88 118 128 148 172 176 184 194 195 198 199 200 
10 13 31 40 75 134 147 160 165 177 181 183 185 186 189 194 196 
22 25 27 33 37 55 56 94 104 120 140 146 149 160 161 173 177 
12 18 25 29 33 54 57 66 96 102 109 118 135 152 168 189 193 
1 25 30 50 51 85 91 93 98 118 122 128 129 152 160 178 200 
3 10 21 24 28 35 44 55 63 71 77 80 89 96 117 194 199 
2 10 16 34 38 57 72 82 84 105 111 123 143 157 168 195 200 
42 45 59 60 70 83 98 118 129 135 149 152 167 169 176 183 187 
3 10 11 18 38 60 67 70 74 124 126 143 144 146 153 175 176 
15 21 30 35 37 45 54 56 77 90 95 103 107 127 135 136 138 
###
1 10 24 28 31 55 65 75 110 143 146 148 155 165 170 182 
8 14 17 21 34 71 73 93 123 160 161 162 163 166 186 193 
11 13 19 27 33 48 55 75 107 119 121 123 160 163 169 176 
1 20 29 56 58 83 86 98 125 141 155 158 175 176 193 196 
23 26 27 31 42 78 80 92 124 132 162 168 180 185 188 191 
3 6 24 34 37 76 83 100 119 148 151 154 172 172 179 183 
14 21 34 45 59 81 88 102 122 145 148 152 163 164 181 197 
6 33 53 67 112 126 135 147 163 171 173 176 183 196 197 199 
1 8 15 47 90 114 136 137 152 172 172 173 186 187 188 189 
10 17 23 44 66 76 100 130 152 160 176 178 182 183 188 199 
25 35 55 80 91 99 115 135 153 163 163 177 180 181 182 190 
19 28 40 49 80 100 112 122 154 162 163 168 171 182 188 191 
5 14 15 52 99 110 120 155 164 165 168 169 170 182 190 195 
8 9 25 43 65 88 118 148 172 176 184 194 195 198 199 200 
10 13 31 40 75 134 147 165 177 181 183 185 186 189 194 196 
22 25 27 33 37 55 56 104 120 140 146 149 160 161 173 177 
12 18 25 29 33 54 57 96 102 109 118 135 152 168 189 193 
1 25 30 50 51 85 91 98 118 122 128 129 152 160 178 200 
3 10 21 24 28 35 44 63 71 77 80 89 96 117 194 199 
2 10 16 34 38 57 72 84 105 111 123 143 157 168 195 200 
42 45 59 60 70 83 98 129 135 149 152 167 169 176 183 187 
3 10 11 18 38 60 67 74 124 126 143 144 146 153 175 176 
15 21 30 35 37 45 54 77 90 95 103 107 127 135 136 138 
###
1 6 10 24 28 31 55 65 75 110 143 146 148 155 165 170 182 
8 14 17 21 22 34 71 73 93 123 160 161 162 163 166 186 193 
11 13 19 27 29 33 48 55 75 107 119 121 123 160 163 169 176 
1 20 29 40 56 58 83 86 98 125 141 155 158 175 176 193 196 
23 26 27 31 42 64 78 80 92 124 132 162 168 180 185 188 191 
3 6 24 34 37 69 76 83 100 119 148 151 154 172 172 179 183 
14 21 34 45 59 71 81 88 102 122 145 148 152 163 164 181 197 
6 33 53 67 72 112 126 135 147 163 171 173 176 183 196 197 199 
1 8 15 47 75 90 114 136 137 152 172 172 173 186 187 188 189 
10 17 23 44 66 76 81 100 130 152 160 176 178 182 183 188 199 
25 35 55 80 91 94 99 115 135 153 163 163 177 180 181 182 190 
19 28 40 49 80 97 100 112 122 154 162 163 168 171 182 188 191 
5 14 15 52 99 110 117 120 155 164 165 168 169 170 182 190 195 
8 8 9 25 43 65 88 118 148 172 176 184 194 195 198 199 200 
10 13 13 31 40 75 134 147 165 177 181 183 185 186 189 194 196 
22 25 27 31 33 37 55 56 104 120 140 146 149 160 161 173 177 
12 18 25 29 32 33 54 57 96 102 109 118 135 152 168 189 193 
1 25 30 40 50 51 85 91 98 118 122 128 129 152 160 178 200 
3 10 21 24 28 35 42 44 63 71 77 80 89 96 117 194 199 
2 10 16 34 38 56 57 72 84 105 111 123 143 157 168 195 200 
42 45 59 60 69 70 83 98 129 135 149 152 167 169 176 183 187 
3 10 11 18 38 60 67 74 74 124 126 143 144 146 153 175 176 
15 21 30 35 37 45 54 77 77 90 95 103 107 127 135 136 138 
###
1 1 6 10 24 28 31 55 65 75 110 143 146 148 155 165 170 182 
8 13 14 17 21 22 34 71 73 93 123 160 161 162 163 166 186 193 
11 13 16 19 27 29 33 48 55 75 107 119 121 123 160 163 169 176 
1 19 20 29 40 56 58 83 86 98 125 141 155 158 175 176 193 196 
23 23 26 27 31 42 64 78 80 92 124 132 162 168 180 185 188 191 
3 6 24 34 37 42 69 76 83 100 119 148 151 154 172 172 179 183 
14 21 34 45 52 59 71 81 88 102 122 145 148 152 163 164 181 197 
6 33 53 62 67 72 112 126 135 147 163 171 173 176 183 196 197 199 
1 8 15 47 63 75 90 114 136 137 152 172 172 173 186 187 188 189 
10 17 23 44 66 76 78 81 100 130 152 160 176 178 182 183 188 199 
25 35 55 80 81 91 94 99 115 135 153 163 163 177 180 181 182 190 
19 28 40 49 80 86 97 100 112 122 154 162 163 168 171 182 188 191 
5 14 15 52 99 108 110 117 120 155 164 165 168 169 170 182 190 195 
6 8 8 9 25 43 65 88 118 148 172 176 184 194 195 198 199 200 
10 13 13 22 31 40 75 134 147 165 177 181 183 185 186 189 194 196 
22 25 27 29 31 33 37 55 56 104 120 140 146 149 160 161 173 177 
12 18 25 29 32 33 40 54 57 96 102 109 118 135 152 168 189 193 
1 25 30 40 50 51 64 85 91 98 118 122 128 129 152 160 178 200 
3 10 21 24 28 35 42 44 63 69 71 77 80 89 96 117 194 199 
2 10 16 34 38 56 57 71 72 84 105 111 123 143 157 168 195 200 
42 45 59 60 69 70 72 83 98 129 135 149 152 167 169 176 183 187 
3 10 11 18 38 60 67 74 74 75 124 126 143 144 146 153 175 176 
15 21 30 35 37 45 54 77 77 81 90 95 103 107 127 135 136 138 
###
1 1 6 10 24 28 31 55 65 75 110 143 146 148 155 165 170 182 
8 13 14 17 21 22 34 71 73 93 123 160 161 162 163 166 186 193 
11 13 16 19 27 29 33 48 55 75 107 119 121 123 160 163 169 176 
1 19 20 29 40 56 58 83 86 98 125 141 155 158 175 176 193 196 
23 23 26 27 31 42 64 78 80 92 124 132 162 168 180 185 188 191 
3 6 24 34 37 42 69 76 83 100 119 148 151 154 172 172 179 183 
14 21 34 45 52 59 71 81 88 102 122 145 148 152 163 164 181 197 
6 33 53 62 67 72 112 126 135 147 163 171 173 176 183 196 197 199 
1 8 15 47 63 75 90 114 136 137 152 172 172 173 186 187 188 189 
10 17 23 44 66 76 78 81 100 130 152 160 176 178 182 183 188 199 
25 35 55 80 81 91 94 99 115 135 153 163 163 177 180 181 182 190 
19 28 40 49 80 86 97 100 112 122 154 162 163 168 171 182 188 191 
6 8 8 9 25 43 65 88 118 148 172 176 184 194 195 198 199 200 
10 13 13 22 31 40 75 134 147 165 177 181 183 185 186 189 194 196 
22 25 27 29 31 33 37 55 56 104 120 140 146 149 160 161 173 177 
12 18 25 29 32 33 40 54 57 96 102 109 118 135 152 168 189 193 
1 25 30 40 50 51 64 85 91 98 118 122 128 129 152 160 178 200 
3 10 21 24 28 35 42 44 63 69 71 77 80 89 96 117 194 199 
2 10 16 34 38 56 57 71 72 84 105 111 123 143 157 168 195 200 
42 45 59 60 69 70 72 83 98 129 135 149 152 167 169 176 183 187 
3 10 11 18 38 60 67 74 74 75 124 126 143 144 146 153 175 176 
15 21 30 35 37 45 54 77 77 81 90 95 103 107 127 135 136 138 
###
1 1 4 6 10 24 28 31 55 65 75 110 143 146 148 155 165 170 182 
8 11 13 14 17 21 22 34 71 73 93 123 160 161 162 163 166 186 193 
11 13 16 19 23 27 29 33 48 55 75 107 119 121 123 160 163 169 176 
1 19 20 29 30 40 56 58 83 86 98 125 141 155 158 175 176 193 196 
23 23 26 27 31 33 42 64 78 80 92 124 132 162 168 180 185 188 191 
3 6 24 34 35 37 42 69 76 83 100 119 148 151 154 172 172 179 183 
14 21 34 39 45 52 59 71 81 88 102 122 145 148 152 163 164 181 197 
6 33 47 53 62 67 72 112 126 135 147 163 171 173 176 183 196 197 199 
1 8 15 47 60 63 75 90 114 136 137 152 172 172 173 186 187 188 189 
10 17 23 44 66 72 76 78 81 100 130 152 160 176 178 182 183 188 199 
25 35 55 80 81 91 91 94 99 115 135 153 163 163 177 180 181 182 190 
19 28 40 49 80 86 97 100 112 112 122 154 162 163 168 171 182 188 191 
6 8 8 9 25 43 65 88 94 118 148 172 176 184 194 195 198 199 200 
10 13 13 22 31 40 75 97 134 147 165 177 181 183 185 186 189 194 196 
22 25 27 29 31 33 37 55 56 104 117 120 140 146 149 160 161 173 177 
12 18 25 29 32 33 40 54 57 96 102 109 118 128 135 152 168 189 193 
1 25 30 40 50 51 64 85 91 98 118 122 128 129 152 157 160 178 200 
3 10 21 24 28 35 42 44 63 69 71 77 80 89 96 117 165 194 199 
2 10 16 34 38 56 57 71 72 84 105 111 123 143 157 168 172 195 200 
42 45 59 60 69 70 72 83 98 129 135 149 152 167 169 173 176 183 187 
3 10 11 18 38 60 67 74 74 75 124 126 143 144 146 153 175 176 180 
15 21 30 35 37 45 54 77 77 81 90 95 103 107 127 135 136 138 200 
###
8 11 13 14 17 21 22 34 71 73 93 123 160 161 162 163 166 186 193 
11 13 16 19 23 27 29 33 48 55 75 107 119 121 123 160 163 169 176 
1 19 20 29 30 40 56 58 83 86 98 125 141 155 158 175 176 193 196 
23 23 26 27 31 33 42 64 78 80 92 124 132 162 168 180 185 188 191 
3 6 24 34 35 37 42 69 76 83 100 119 148 151 154 172 172 179 183 
14 21 34 39 45 52 59 71 81 88 102 122 145 148 152 163 164 181 197 
6 33 47 53 62 67 72 112 126 135 147 163 171 173 176 183 196 197 199 
1 8 15 47 60 63 75 90 114 136 137 152 172 172 173 186 187 188 189 
10 17 23 44 66 72 76 78 81 100 130 152 160 176 178 182 183 188 199 
25 35 55 80 81 91 91 94 99 115 135 153 163 163 177 180 181 182 190 
19 28 40 49 80 86 97 100 112 112 122 154 162 163 168 171 182 188 191 
6 8 8 9 25 43 65 88 94 118 148 172 176 184 194 195 198 199 200 
10 13 13 22 31 40 75 97 134 147 165 177 181 183 185 186 189 194 196 
22 25 27 29 31 33 37 55 56 104 117 120 140 146 149 160 161 173 177 
12 18 25 29 32 33 40 54 57 96 102 109 118 128 135 152 168 189 193 
1 25 30 40 50 51 64 85 91 98 118 122 128 129 152 157 160 178 200 
3 10 21 24 28 35 42 44 63 69 71 77 80 89 96 117 165 194 199 
2 10 16 34 38 56 57 71 72 84 105 111 123 143 157 168 172 195 200 
42 45 59 60 69 70 72 83 98 129 135 149 152 167 169 173 176 183 187 
3 10 11 18 38 60 67 74 74 75 124 126 143 144 146 153 175 176 180 
15 21 30 35 37 45 54 77 77 81 90 95 103 107 127 135 136 138 200 
###
8 11 13 14 17 21 22 34 71 73 93 123 160 161 162 163 166 186 193 
11 13 16 19 23 27 29 33 48 55 75 107 119 121 123 160 163 169 176 
1 19 20 29 30 40 56 58 83 86 98 125 141 155 158 175 176 193 196 
23 23 26 27 31 33 42 64 78 80 92 124 132 162 168 180 185 188 191 
14 21 34 39 45 52 59 71 81 88 102 122 145 148 152 163 164 181 197 
6 33 47 53 62 67 72 112 126 135 147 163 171 173 176 183 196 197 199 
1 8 15 47 60 63 75 90 114 136 137 152 172 172 173 186 187 188 189 
10 17 23 44 66 72 76 78 81 100 130 152 160 176 178 182 183 188 199 
25 35 55 80 81 91 91 94 99 115 135 153 163 163 177 180 181 182 190 
19 28 40 49 80 86 97 100 112 112 122 154 162 163 168 171 182 188 191 
6 8 8 9 25 43 65 88 94 118 148 172 176 184 194 195 198 199 200 
10 13 13 22 31 40 75 97 134 147 165 177 181 183 185 186 189 194 196 
22 25 27 29 31 33 37 55 56 104 117 120 140 146 149 160 161 173 177 
12 18 25 29 32 33 40 54 57 96 102 109 118 128 135 152 168 189 193 
1 25 30 40 50 51 64 85 91 98 118 122 128 129 152 157 160 178 200 
3 10 21 24 28 35 42 44 63 69 71 77 80 89 96 117 165 194 199 
2 10 16 34 38 56 57 71 72 84 105 111 123 143 157 168 172 195 200 
42 45 59 60 69 70 72 83 98 129 135 149 152 167 169 173 176 183 187 
3 10 11 18 38 60 67 74 74 75 124 126 143 144 146 153 175 176 180 
15 21 30 35 37 45 54 77 77 81 90 95 103 107 127 135 136 138 200 
###
8 11 13 14 17 21 22 34 71 73 93 123 160 161 162 163 166 186 193 
11 13 16 19 23 27 29 33 48 55 75 107 119 121 123 160 163 169 176 
1 19 20 29 30 40 56 58 83 86 98 125 141 155 158 175 176 193 196 
23 23 26 27 31 33 42 64 78 80 92 124 132 162 168 180 185 188 191 
14 21 34 39 45 52 59 71 81 88 102 122 145 148 152 163 164 181 197 
6 33 47 53 62 67 72 112 126 135 147 163 171 173 176 183 196 197 199 
1 8 15 47 60 63 75 90 114 136 137 152 172 172 173 186 187 188 189 
10 17 23 44 66 72 76 78 81 100 130 152 160 176 178 182 183 188 199 
19 28 40 49 80 86 97 100 112 112 122 154 162 163 168 171 182 188 191 
6 8 8 9 25 43 65 88 94 118 148 172 176 184 194 195 198 199 200 
10 13 13 22 31 40 75 97 134 147 165 177 181 183 185 186 189 194 196 
22 25 27 29 31 33 37 55 56 104 117 120 140 146 149 160 161 173 177 
12 18 25 29 32 33 40 54 57 96 102 109 118 128 135 152 168 189 193 
1 25 30 40 50 51 64 85 91 98 118 122 128 129 152 157 160 178 200 
3 10 21 24 28 35 42 44 63 69 71 77 80 89 96 117 165 194 199 
2 10 16 34 38 56 57 71 72 84 105 111 123 143 157 168 172 195 200 
42 45 59 60 69 70 72 83 98 129 135 149 152 167 169 173 176 183 187 
3 10 11 18 38 60 67 74 74 75 124 126 143 144 146 153 175 176 180 
15 21 30 35 37 45 54 77 77 81 90 95 103 107 127 135 136 138 200 
###
8 11 14 17 21 22 34 71 73 93 123 160 161 162 163 166 186 193 
11 13 19 23 27 29 33 48 55 75 107 119 121 123 160 163 169 176 
1 19 29 30 40 56 58 83 86 98 125 141 155 158 175 176 193 196 
23 23 27 31 33 42 64 78 80 92 124 132 162 168 180 185 188 191 
14 21 39 45 52 59 71 81 88 102 122 145 148 152 163 164 181 197 
6 33 53 62 67 72 112 126 135 147 163 171 173 176 183 196 197 199 
1 8 47 60 63 75 90 114 136 137 152 172 172 173 186 187 188 189 
10 17 44 66 72 76 78 81 100 130 152 160 176 178 182 183 188 199 
19 28 49 80 86 97 100 112 112 122 154 162 163 168 171 182 188 191 
6 8 9 25 43 65 88 94 118 148 172 176 184 194 195 198 199 200 
10 13 22 31 40 75 97 134 147 165 177 181 183 185 186 189 194 196 
22 25 29 31 33 37 55 56 104 117 120 140 146 149 160 161 173 177 
12 18 29 32 33 40 54 57 96 102 109 118 128 135 152 168 189 193 
1 25 40 50 51 64 85 91 98 118 122 128 129 152 157 160 178 200 
3 10 24 28 35 42 44 63 69 71 77 80 89 96 117 165 194 199 
2 10 34 38 56 57 71 72 84 105 111 123 143 157 168 172 195 200 
42 45 60 69 70 72 83 98 129 135 149 152 167 169 173 176 183 187 
3 10 18 38 60 67 74 74 75 124 126 143 144 146 153 175 176 180 
15 21 35 37 45 54 77 77 81 90 95 103 107 127 135 136 138 200 
###
8 11 14 17 21 22 34 71 73 93 123 160 161 162 163 166 186 193 
11 13 19 23 27 29 33 48 55 75 107 119 121 123 160 163 169 176 
1 19 29 30 40 56 58 83 86 98 125 141 155 158 175 176 193 196 
23 23 27 31 33 42 64 78 80 92 124 132 162 168 180 185 188 191 
14 21 39 45 52 59 71 81 88 102 122 145 148 152 163 164 181 197 
6 33 53 62 67 72 112 126 135 147 163 171 173 176 183 196 197 199 
1 8 47 60 63 75 90 114 136 137 152 172 172 173 186 187 188 189 
10 17 44 66 72 76 78 81 100 130 152 160 176 178 182 183 188 199 
19 28 49 80 86 97 100 112 112 122 154 162 163 168 171 182 188 191 
6 8 9 25 43 65 88 94 118 148 172 176 184 194 195 198 199 200 
10 13 22 31 40 75 97 134 147 165 177 181 183 185 186 189 194 196 
22 25 29 31 33 37 55 56 104 117 120 140 146 149 160 161 173 177 
12 18 29 32 33 40 54 57 96 102 109 118 128 135 152 168 189 193 
1 25 40 50 51 64 85 91 98 118 122 128 129 152 157 160 178 200 
3 10 24 28 35 42 44 63 69 71 77 80 89 96 117 165 194 199 
2 10 34 38 56 57 71 72 84 105 111 123 143 157 168 172 195 200 
42 45 60 69 70 72 83 98 129 135 149 152 167 169 173 176 183 187 
3 10 18 38 60 67 74 74 75 124 126 143 144 146 153 175 176 180 
15 21 35 37 45 54 77 77 81 90 95 103 107 127 135 136 138 200 
50 53 64 66 72 103 105 106 125 147 151 166 167 180 183 185 188 193 
###
8 11 17 21 22 34 71 73 93 123 160 161 162 163 166 186 193 
11 13 23 27 29 33 48 55 75 107 119 121 123 160 163 169 176 
1 19 30 40 56 58 83 86 98 125 141 155 158 175 176 193 196 
23 23 31 33 42 64 78 80 92 124 132 162 168 180 185 188 191 
14 21 45 52 59 71 81 88 102 122 145 148 152 163 164 181 197 
6 33 62 67 72 112 126 135 147 163 171 173 176 183 196 197 199 
1 8 60 63 75 90 114 136 137 152 172 172 173 186 187 188 189 
10 17 66 72 76 78 81 100 130 152 160 176 178 182 183 188 199 
19 28 80 86 97 100 112 112 122 154 162 163 168 171 182 188 191 
6 8 25 43 65 88 94 118 148 172 176 184 194 195 198 199 200 
10 13 31 40 75 97 134 147 165 177 181 183 185 186 189 194 196 
22 25 31 33 37 55 56 104 117 120 140 146 149 160 161 173 177 
12 18 32 33 40 54 57 96 102 109 118 128 135 152 168 189 193 
1 25 50 51 64 85 91 98 118 122 128 129 152 157 160 178 200 
3 10 28 35 42 44 63 69 71 77 80 89 96 117 165 194 199 
2 10 38 56 57 71 72 84 105 111 123 143 157 168 172 195 200 
42 45 69 70 72 83 98 129 135 149 152 167 169 173 176 183 187 
3 10 38 60 67 74 74 75 124 126 143 144 146 153 175 176 180 
15 21 37 45 54 77 77 81 90 95 103 107 127 135 136 138 200 
50 53 66 72 103 105 106 125 147 151 166 167 180 183 185 188 193 
###
8 11 21 22 34 71 73 93 123 160 161 162 163 166 186 193 
11 13 27 29 33 48 55 75 107 119 121 123 160 163 169 176 
1 19 40 56 58 83 86 98 125 141 155 158 175 176 193 196 
23 23 33 42 64 78 80 92 124 132 162 168 180 185 188 191 
14 21 52 59 71 81 88 102 122 145 148 152 163 164 181 197 
6 33 67 72 112 126 135 147 163 171 173 176 183 196 197 199 
1 8 63 75 90 114 136 137 152 172 172 173 186 187 188 189 
10 17 72 76 78 81 100 130 152 160 176 178 182 183 188 199 
19 28 86 97 100 112 112 122 154 162 163 168 171 182 188 191 
6 8 43 65 88 94 118 148 172 176 184 194 195 198 199 200 
10 13 40 75 97 134 147 165 177 181 183 185 186 189 194 196 
22 25 33 37 55 56 104 117 120 140 146 149 160 161 173 177 
12 18 33 40 54 57 96 102 109 118 128 135 152 168 189 193 
1 25 51 64 85 91 98 118 122 128 129 152 157 160 178 200 
3 10 35 42 44 63 69 71 77 80 89 96 117 165 194 199 
2 10 56 57 71 72 84 105 111 123 143 157 168 172 195 200 
42 45 70 72 83 98 129 135 149 152 167 169 173 176 183 187 
3 10 60 67 74 74 75 124 126 143 144 146 153 175 176 180 
15 21 45 54 77 77 81 90 95 103 107 127 135 136 138 200 
50 53 72 103 105 106 125 147 151 166 167 180 183 185 188 193 
###
COMBINACAO MATRICIAL FINALIZADA!
