27 18
32 40 42 58 61 63 69 78 79 86 93 97 103 108 141 164 183 196
13 31 35 56 57 59 102 104 106 109 115 122 130 157 166 178 191 199
2 11 15 29 65 79 104 114 117 140 144 145 149 176 177 182 191 195
3 10 41 48 56 69 91 96 101 103 105 107 146 148 153 168 186 196
14 20 35 36 45 67 73 75 77 85 88 89 90 99 110 172 174 186
8 10 18 34 36 39 42 44 45 58 67 71 72 76 82 108 138 193
5 9 30 39 56 58 78 99 112 123 127 130 160 162 172 176 188 190
1 36 47 48 70 75 87 109 110 111 137 143 146 148 155 165 170 182
16 31 44 47 48 49 57 58 76 90 102 116 118 123 138 148 153 183
8 14 21 28 73 75 100 106 123 124 136 160 161 162 163 166 186 193
8 10 13 17 25 34 36 50 53 68 91 98 131 155 161 167 173 180
7 13 21 25 39 50 62 88 120 123 133 138 142 155 170 179 190 197
5 10 12 20 38 41 75 93 100 106 112 134 144 153 175 178 185 186
11 13 27 30 33 38 46 48 62 75 94 107 119 123 160 163 169 176
5 35 43 57 66 68 73 77 84 88 99 103 123 129 135 176 188 193
7 11 21 31 45 51 53 84 111 130 131 149 162 170 178 183 187 189
1 20 59 70 71 83 94 98 119 125 126 136 141 155 175 176 193 196
23 26 27 34 42 58 78 92 94 120 126 129 132 168 180 185 188 191
14 16 66 85 92 96 99 100 111 114 120 138 144 182 192 196 199 200
3 6 24 27 37 45 59 62 100 105 110 119 142 151 154 172 179 183
1 14 32 35 48 71 75 79 88 98 114 116 120 140 141 179 183 199
14 21 34 35 45 46 48 59 75 81 91 102 122 136 145 163 164 197
6 33 53 58 67 120 126 135 147 151 166 167 171 173 176 196 197 199
1 8 15 19 47 50 86 97 136 137 143 149 152 172 173 187 188 189
10 17 23 43 44 58 63 66 72 76 103 108 116 160 176 182 183 199
25 35 55 73 80 85 86 91 96 99 102 115 126 146 163 177 181 182
19 28 40 43 49 67 73 80 97 100 110 112 119 120 122 163 168 182
53
IN L 5 14 15 18 52 84 95 99 104 110 119 120 143 164 165 168 169 170
IN C 4 5 10 17 25 26 45 65 69 71 74 87 89 121 122 139 158 162 166 172 174 181 183 186 188 190 191 195
IN L 8 9 25 29 43 48 59 65 70 88 100 118 128 134 148 194 198 199 200
IN L 10 13 31 37 40 42 59 75 104 134 138 147 160 163 165 177 181 186 189
OUT L 20
OUT L 14
OUT L 0
OUT L 11
OUT C 10
OUT L 12
OUT L 5
OUT L 0
IN C 1 3 19 24 28 33 34 50 55 75 76 80 91 100 109 142 144 152 153 162 164 172 183
IN C 12 19 20 25 43 50 61 77 81 84 86 87 90 96 110 122 136 147 153 156 160 172 178
OUT C 5
IN C 5 8 9 21 24 46 52 53 54 55 56 60 76 83 88 89 90 100 122 132 159 162 169
IN C 11 34 43 46 55 57 93 108 110 112 122 124 138 148 152 163 172 178 180 188 190 195 196
OUT L 7
OUT C 3
OUT L 3
OUT L 2
OUT C 10
OUT L 9
IN C 1 3 31 36 37 41 45 58 64 76 148 150 157 159 163 171 182 184 194
OUT L 1
OUT L 0
OUT C 4
OUT L 1
OUT L 2
IN C 10 17 19 29 31 34 91 112 114 130 135 154 155 176 185
IN L 22 25 27 33 37 54 55 56 94 104 117 120 128 140 146 149 160 161 173 177
IN L 12 18 25 29 33 36 54 57 66 96 98 102 108 109 118 135 152 168 189 193
OUT C 12
IN L 1 25 30 50 51 56 85 91 93 98 107 118 122 128 129 152 160 178 200
IN L 3 10 21 24 28 32 35 44 55 63 69 71 77 80 89 96 117 194 199
IN L 2 10 16 34 38 51 57 72 82 84 88 105 111 123 143 157 168 195 200
IN L 42 45 59 60 70 80 83 98 118 129 131 135 149 152 167 169 176 183 187
OUT C 5
IN L 3 10 11 18 38 60 67 70 74 89 124 126 143 144 146 153 175 176
OUT C 9
IN L 15 21 30 35 37 45 54 56 77 90 95 103 107 127 135 136 138
OUT C 7
IN C 6 22 29 40 64 69 71 72 75 81 94 97 117 8 13 31 32 40 42 56 69 74 77
IN C 1 13 16 19 23 42 52 62 63 78 81 86 108 6 22 29 40 64 69 71 72 75 81
OUT L 12
IN C 4 11 23 30 33 35 39 47 60 72 91 112 94 97 117 128 157 165 172 173 180 200
OUT L 0
OUT L 4
OUT L 8
OUT C 2
IN L 50 53 64 66 72 103 105 106 125 147 151 166 167 180 183 185 188 193
OUT C 2
OUT C 2