58 63
2 4 6 7 8 10 17 22 23 25 26 29 33 37 42 45 47 49 50 51 55 56 60 63 76 79 85 95 97 98 99 101 102 103 104 106 108 110 111 113 115 122 125 131 135 141 143 146 151 154 159 161 170 171 172 176 183 186 187 188 192 196 198
3 5 7 10 11 12 13 17 21 29 32 33 38 46 47 48 49 53 55 57 58 61 62 64 67 77 80 82 89 95 107 109 120 125 131 139 140 145 146 147 148 149 153 154 155 156 161 162 165 173 174 175 176 177 181 184 186 187 189 191 194 195 198
2 4 5 9 11 12 16 19 20 24 26 27 34 36 38 48 49 54 58 59 62 64 67 75 76 78 80 81 83 84 88 89 92 102 110 112 114 120 121 123 130 135 136 145 146 148 149 151 153 155 156 159 168 174 175 177 179 185 186 187 189 192 197
3 20 23 24 28 32 37 38 41 42 48 49 51 55 58 59 63 64 71 72 73 78 79 83 84 86 88 91 96 97 99 100 104 105 107 116 124 129 135 138 140 141 143 146 147 150 152 164 166 171 178 179 181 183 184 188 189 190 192 194 195 196 197
2 5 9 12 17 20 21 22 29 30 32 36 39 40 41 42 44 50 51 52 61 67 68 71 73 75 76 78 80 83 85 87 88 90 94 96 108 110 112 113 116 118 120 121 122 124 126 127 128 130 131 133 137 138 141 152 158 171 172 177 181 185 190
1 7 17 18 20 26 29 31 33 35 40 44 45 46 49 50 52 54 59 63 67 69 71 85 92 95 97 99 102 107 108 111 112 115 121 124 125 128 130 131 132 134 139 140 142 146 147 148 149 151 153 154 158 167 171 173 181 183 186 188 192 197 199
2 3 4 8 14 15 16 22 23 31 33 34 37 38 45 47 48 52 53 54 55 56 62 65 66 69 72 75 78 79 82 83 88 91 100 101 107 109 110 111 112 113 116 117 118 129 133 135 142 157 158 160 163 164 166 169 170 171 180 182 185 190 197
4 8 9 18 24 27 30 36 38 41 42 47 51 52 53 54 56 62 64 74 84 88 92 93 94 100 102 104 108 109 112 113 115 117 122 126 127 129 131 134 137 140 142 147 148 149 155 156 157 159 161 165 166 168 169 174 175 176 179 189 191 193 197
8 9 10 11 14 18 19 26 27 29 30 31 34 42 43 44 45 58 59 63 64 65 68 69 71 73 75 77 79 87 88 89 94 99 104 107 109 110 113 115 116 118 126 128 129 132 134 135 136 146 148 152 153 159 163 168 175 176 185 186 187 192 197
3 7 9 14 16 17 19 23 25 27 33 35 37 38 41 43 44 45 46 48 53 54 55 57 58 63 65 67 74 79 93 94 98 107 109 110 116 120 123 124 125 127 132 143 144 145 147 150 154 155 157 160 164 168 172 187 188 189 190 192 195 198 200
1 3 6 14 15 18 22 30 33 36 38 39 42 46 47 48 50 51 53 54 56 59 61 62 64 65 71 73 74 80 86 87 88 89 93 94 96 104 109 112 117 124 126 133 136 139 147 155 156 161 162 164 167 170 171 172 173 184 186 188 189 196 199
2 5 7 8 9 12 13 21 23 24 25 26 29 32 38 45 49 51 54 57 66 69 71 76 79 82 85 88 89 90 91 96 100 111 114 125 126 127 137 138 142 144 146 149 150 152 164 168 169 172 174 175 179 180 181 188 190 193 194 196 197 199 200
5 7 8 12 13 16 18 21 23 29 33 34 35 36 39 40 41 45 46 48 53 56 60 67 69 70 73 74 78 82 90 91 94 102 112 113 117 121 126 131 132 134 135 137 140 145 149 151 159 161 167 168 174 180 186 187 190 191 192 194 196 198 199
8 9 10 11 17 19 20 21 22 29 32 33 36 38 47 48 50 56 58 60 63 64 65 68 70 74 76 77 79 85 86 88 91 94 95 96 98 101 104 106 107 108 109 111 112 113 115 128 136 140 145 151 152 154 159 161 164 187 188 192 193 196 200
5 6 8 11 12 13 18 22 23 24 25 28 29 30 32 35 38 41 43 45 46 57 60 63 67 70 75 76 81 83 86 89 90 95 99 102 103 108 109 121 123 124 125 136 140 141 143 147 150 151 158 160 162 165 173 175 180 182 183 187 188 196 199
1 2 3 4 12 16 25 26 28 31 38 41 42 44 48 52 57 58 61 63 65 66 68 70 77 78 80 83 85 86 88 97 102 103 104 105 108 109 110 113 116 117 122 124 130 131 139 141 143 155 156 157 158 160 162 163 164 168 172 179 184 197 200
3 5 15 27 33 36 39 40 46 47 50 53 58 64 65 67 68 72 75 80 81 82 83 89 98 100 101 102 105 107 111 112 113 114 115 116 124 125 128 129 131 134 137 139 140 141 151 154 158 160 161 162 164 168 169 171 173 177 180 181 182 192 198
4 6 9 10 18 21 23 24 25 29 30 32 41 42 56 57 59 61 62 63 65 67 68 69 70 79 87 88 91 95 98 99 100 101 102 103 104 105 106 107 121 123 125 126 127 129 134 139 143 149 157 160 162 163 165 166 167 172 180 181 183 186 188
1 3 4 7 10 15 16 25 26 31 32 39 45 49 50 52 55 61 69 70 73 75 82 87 89 90 100 104 105 112 113 115 117 118 128 131 132 134 135 136 137 140 143 144 145 152 154 156 158 159 164 166 167 170 173 176 184 187 190 192 197 198 199
2 5 10 12 13 14 15 17 20 23 24 25 26 29 31 37 38 42 45 53 55 58 59 62 71 72 75 77 85 90 91 93 94 95 98 100 102 104 109 113 114 116 117 120 121 130 133 136 137 144 147 151 154 162 163 168 173 177 186 187 188 189 191
1 2 16 17 20 23 24 25 32 35 40 43 45 49 51 53 55 60 62 65 66 70 72 80 81 83 87 88 94 95 97 101 104 106 107 110 111 114 120 122 125 130 134 139 141 144 145 146 149 151 152 161 162 164 166 168 174 180 182 186 188 194 200
5 6 12 14 15 16 17 19 31 35 36 40 42 45 47 48 52 54 55 56 57 59 62 65 66 78 81 83 85 86 96 100 105 108 109 113 117 128 129 132 136 140 141 144 145 150 153 157 158 160 161 164 165 168 171 173 179 181 183 184 185 193 197
1 3 5 9 13 14 15 16 28 32 36 37 39 40 45 46 58 64 65 67 68 69 70 72 76 77 81 82 83 87 89 94 97 98 100 102 103 105 125 128 130 131 140 141 142 143 146 148 158 159 162 164 169 172 173 174 177 180 181 186 191 193 195
1 3 6 15 19 20 22 23 25 29 30 31 37 42 43 46 47 48 51 54 62 67 68 69 73 77 78 83 86 90 91 93 98 101 105 106 113 118 120 121 124 127 129 131 132 136 139 147 149 155 160 162 168 169 170 173 176 179 180 185 186 187 195
4 6 8 9 10 15 16 24 25 27 41 42 45 46 51 54 55 56 59 63 65 66 67 68 69 74 76 78 84 86 89 90 91 98 101 105 107 115 118 122 124 127 132 138 141 143 145 146 148 153 156 158 159 162 163 166 177 182 187 188 189 196 199
8 10 12 17 19 23 34 36 38 39 40 41 44 59 60 62 63 66 67 70 74 78 80 81 83 85 87 90 92 100 107 110 115 116 121 122 123 127 128 130 133 134 136 138 141 142 145 146 152 154 155 159 165 166 171 175 176 181 182 185 191 197 199
1 2 3 6 15 18 19 26 27 30 31 33 34 46 56 58 60 63 68 71 73 76 80 82 86 93 99 114 118 119 120 127 128 135 136 137 140 142 152 153 156 158 160 162 164 165 166 167 177 178 179 181 184 185 186 188 189 190 194 196 198 199 200
2 7 9 13 15 19 26 34 35 36 38 41 53 56 57 60 64 70 72 74 75 77 78 80 81 83 87 89 93 103 111 117 119 122 126 128 129 133 134 136 138 142 146 151 153 154 155 156 158 159 160 164 167 169 172 175 177 179 181 184 189 195 197
1 2 5 7 9 20 21 24 25 28 30 34 35 36 41 42 44 48 50 53 59 62 66 72 73 77 80 81 84 86 90 96 98 99 106 110 111 113 115 121 126 127 131 134 141 142 144 145 148 150 164 165 168 181 183 184 186 188 190 193 194 196 198
1 5 11 12 15 20 22 23 24 25 31 32 35 38 39 41 44 46 48 49 50 64 70 72 75 78 79 80 82 85 86 99 100 101 109 111 114 119 120 122 126 128 130 132 134 137 139 140 146 150 159 160 161 165 166 167 168 177 180 184 187 196 197
2 6 8 10 14 24 25 26 27 28 29 37 40 42 44 45 47 48 51 58 59 60 65 71 73 75 80 83 85 88 90 92 102 103 104 106 111 112 120 125 128 130 135 137 138 140 145 151 156 160 167 169 170 172 175 178 181 182 184 189 196 199 200
2 6 7 9 10 13 14 16 19 20 22 25 28 39 40 41 43 46 53 56 62 67 71 72 77 87 88 94 95 96 98 99 100 101 104 106 107 111 113 114 118 124 126 129 136 142 144 146 148 151 153 157 165 168 169 173 174 176 184 189 195 197 199
3 4 5 6 11 16 18 22 24 27 31 33 35 37 38 39 40 41 51 55 67 70 71 72 79 82 86 89 91 93 94 95 96 97 108 110 119 120 123 125 127 131 133 134 138 139 141 151 158 164 165 167 168 174 179 180 182 183 184 185 187 190 199
4 9 10 12 18 19 22 30 32 34 35 37 39 41 43 46 47 48 50 54 59 67 70 73 85 86 88 89 90 92 95 106 109 114 116 119 120 124 125 129 131 134 135 136 138 139 145 148 152 153 164 165 171 172 176 179 183 184 188 189 193 199 200
1 2 3 8 9 13 15 16 21 24 28 31 34 36 38 39 44 51 58 60 61 62 67 78 80 82 91 92 94 99 104 112 115 126 131 132 133 136 138 139 140 141 142 148 151 153 154 157 159 161 162 164 167 170 182 188 189 190 193 194 195 197 198
9 12 13 15 16 19 20 22 25 33 34 35 36 37 38 41 52 53 59 61 62 66 68 70 75 80 86 92 97 99 101 103 105 109 113 115 121 125 127 131 133 134 145 148 149 152 155 157 158 160 161 162 165 170 174 175 177 181 183 187 188 192 196
1 5 8 13 15 27 29 32 36 37 43 44 50 54 55 56 58 59 62 63 64 67 70 71 72 80 83 86 90 95 98 99 101 102 104 112 115 116 117 125 126 128 129 130 139 141 144 147 150 152 156 161 163 170 171 173 179 189 190 191 194 197 200
2 3 6 7 8 11 16 18 20 25 26 27 28 31 33 36 46 55 58 61 63 66 67 68 71 74 75 85 90 94 95 96 97 101 103 104 107 112 118 121 123 124 125 126 129 131 132 134 139 144 146 147 154 155 158 174 182 184 185 189 193 196 198
2 3 5 12 13 14 21 22 25 26 27 28 30 33 35 41 43 46 55 57 58 61 62 68 69 70 73 74 79 82 83 87 95 97 99 106 116 119 124 125 129 131 132 138 139 140 143 145 146 153 155 159 162 163 170 174 175 183 187 189 192 195 198
3 9 10 15 18 21 22 24 25 26 29 31 33 38 39 43 50 51 55 59 61 67 69 72 74 76 83 89 91 94 96 108 109 112 113 117 123 125 129 132 135 138 143 150 151 153 156 157 161 164 172 173 175 178 179 183 184 185 188 189 192 195 196
1 2 4 11 16 19 28 34 35 40 41 43 44 48 49 53 55 59 60 63 64 71 78 79 83 85 87 89 92 95 103 104 107 109 112 116 117 121 123 124 128 129 130 135 137 139 140 141 147 148 150 151 152 160 164 169 171 172 181 188 192 193 195
3 4 9 13 14 16 25 26 29 34 37 38 39 40 43 44 46 48 50 52 54 56 57 58 61 64 65 71 73 74 77 78 81 83 86 88 92 95 96 97 101 103 116 122 123 131 132 136 141 147 149 157 169 173 177 183 184 189 190 195 196 199 200
3 4 5 12 14 15 16 23 26 27 29 30 32 34 40 45 46 48 50 60 61 68 69 71 73 79 81 83 85 90 93 98 101 103 106 118 123 125 127 132 134 138 139 140 141 147 148 149 152 154 158 165 167 170 176 177 180 186 188 191 197 198 200
2 4 8 9 11 13 24 30 34 37 43 44 49 51 56 57 59 60 63 64 65 68 69 70 73 74 77 78 91 94 95 96 99 100 116 118 119 120 122 127 128 132 139 141 146 148 150 152 153 157 160 161 163 175 176 180 182 183 188 189 192 196 197
3 5 10 13 17 18 19 20 23 24 27 34 35 36 42 44 45 47 58 64 65 67 71 79 81 83 84 88 93 99 103 107 108 110 113 114 116 117 119 120 135 137 139 140 142 147 152 154 155 167 169 170 171 172 173 177 179 181 186 189 191 196 198
1 10 24 28 44 47 48 50 51 52 57 60 61 64 66 69 70 71 73 76 81 82 91 92 94 95 99 101 103 104 105 106 108 115 120 123 127 128 129 131 132 134 138 146 148 150 155 158 160 162 164 167 168 169 177 179 183 190 192 194 195 198 199
4 5 12 15 17 18 19 20 21 32 38 43 53 54 55 58 59 60 64 70 71 73 74 76 77 80 81 82 85 95 99 101 105 106 109 111 126 128 129 133 135 139 141 152 155 157 158 160 161 162 165 166 169 172 174 177 183 185 188 190 192 196 197
2 6 15 16 17 21 23 24 26 30 33 34 37 41 42 44 50 52 53 54 55 56 57 62 72 74 81 82 83 85 87 90 92 99 103 111 115 116 119 126 127 128 134 137 140 142 145 146 149 151 162 163 168 173 174 175 176 178 194 196 197 198 200
6 10 11 12 13 14 17 21 22 24 29 35 38 42 47 51 55 57 61 63 66 69 78 81 84 85 88 103 104 105 110 111 113 117 122 123 125 128 129 130 137 138 142 144 146 148 152 154 158 159 160 161 162 165 168 169 170 171 181 191 194 195 199
1 2 7 10 13 15 17 18 20 23 27 28 33 39 43 47 51 52 57 58 60 61 65 69 72 79 84 88 89 91 99 100 101 102 104 106 108 109 117 118 120 121 125 127 128 132 135 138 140 149 154 159 160 161 164 173 181 184 185 190 193 194 197
1 3 4 7 8 9 13 16 20 25 28 33 41 49 52 53 54 55 58 61 63 67 70 72 78 91 93 95 96 100 103 105 107 108 109 110 113 115 118 124 125 127 128 129 131 132 136 139 143 144 152 154 162 165 168 177 179 185 188 191 195 199 200
2 7 9 14 17 25 35 36 39 47 48 50 51 66 67 73 74 75 78 80 81 86 96 97 98 100 103 104 107 110 111 112 113 114 115 117 119 120 125 126 127 131 141 143 145 146 155 162 163 164 171 172 173 175 179 180 189 193 194 196 197 198 199
6 10 16 20 21 24 26 31 35 37 45 46 50 55 57 59 60 62 63 64 66 67 69 70 73 76 79 81 85 86 94 97 99 100 107 109 112 121 126 127 128 130 132 136 137 138 149 155 157 158 159 160 162 163 166 167 169 178 179 181 183 184 195
8 11 13 14 22 24 26 28 29 32 33 36 47 48 61 69 70 71 77 78 80 82 83 87 89 90 93 94 98 99 102 103 106 107 108 111 115 116 118 119 120 123 126 128 134 139 140 143 147 149 150 152 154 155 162 169 173 176 178 184 188 189 199
1 3 4 5 6 10 12 13 14 16 22 24 28 34 35 36 39 40 51 54 56 57 58 67 69 95 101 103 105 108 111 114 115 119 120 122 124 133 134 142 143 144 145 147 148 150 153 157 158 159 163 165 173 177 178 183 184 185 191 193 195 197 198
6 8 10 15 17 18 24 25 29 36 37 38 49 53 54 55 68 69 74 76 82 84 88 91 97 101 107 109 111 112 116 119 123 124 125 128 131 133 134 135 140 143 144 149 155 157 164 165 166 167 173 177 181 184 185 186 187 188 193 194 195 196 199
5 7 9 13 14 15 20 23 25 28 30 32 33 35 41 42 46 47 48 50 62 63 64 65 66 74 79 82 84 86 87 95 104 108 109 113 114 115 125 129 136 140 144 147 150 152 153 154 160 162 163 164 166 167 169 174 184 187 188 189 190 196 198
7 10 14 16 18 21 26 28 32 33 35 38 39 43 45 47 48 52 53 56 58 66 67 69 71 77 82 84 86 87 89 90 94 95 96 97 103 107 112 119 120 130 131 136 137 139 142 151 152 154 157 159 161 162 163 168 170 172 178 187 188 189 194
159
IN L 3 6 20 21 22 33 35 40 41 43 45 46 50 53 54 58 59 62 64 65 71 73 79 83 84 85 88 90 94 96 102 103 106 112 115 116 117 118 123 125 126 127 131 132 133 134 135 137 140 142 147 149 152 162 163 175 183 184 189 191 196 197 200
IN C 35 38 41 42 46 47 51 52 56 57 62 63 64 69 72 76 81 83 85 87 89 94 95 99 100 103 105 111 117 118 121 127 129 131 132 134 135 138 143 144 147 148 149 152 153 156 157 160 162 163 164 167 176 182 183 187 191 194 198
IN L 6 9 10 17 19 21 23 25 26 32 35 40 45 47 48 51 52 53 54 56 59 62 63 72 73 77 79 81 82 84 86 92 93 94 101 104 107 108 116 118 122 123 124 130 133 136 143 148 153 156 157 160 163 166 168 171 174 175 176 178 186 191 192 200
IN L 9 11 19 25 37 39 46 47 49 53 55 61 66 68 70 78 80 84 88 94 96 97 99 100 101 102 105 106 107 110 112 118 119 121 122 125 128 132 133 142 147 150 151 152 155 157 158 161 164 165 172 176 178 183 185 186 187 190 192 193 194 195 198 199
OUT L 20
OUT L 34
OUT L 0
OUT L 41
OUT C 20
OUT L 12
OUT L 5
OUT L 26
IN C 200 25 15 44 60 145 184 166 79 20 88 110 53 26 129 22 168 113 197 61 123 196 39 117 33 164 11 9 128 169 73 38 56 48 29 183 138 65 95 199 115 192 71 193 94 161 156 167 52 63 108 70 32 113
IN C 15 198 28 18 77 67 166 51 131 106 99 13 125 71 154 130 104 24 132 151 12 113 50 195 6 27 114 171 147 165 116 142 33 190 98 95 101 126 40 136 127 73 72 150 146 157 134 173 84 149 82 155 45 89
OUT C 5
IN C 94 141 154 25 59 153 171 13 173 52 20 63 78 125 127 194 122 160 146 140 67 137 75 189 187 100 66 82 133 116 56 156 21 149 48 164 152 53 159 196 192 4 126 77 89 12 190 49 163 109 54 87 73 27
IN C 152 2 87 140 182 98 154 29 14 81 145 80 100 12 71 66 171 32 53 78 28 62 23 142 6 20 118 144 61 106 181 76 7 180 196 48 64 55 37 25 195 89 4 107 110 34 43 93 59 123 176 149 199 47
OUT L 7
OUT C 3
OUT L 3
OUT L 2
OUT C 10
OUT L 9
IN C 113 83 72 68 33 42 191 169 14 52 123 187 194 176 61 165 147 51 36 8 111 58 172 7 86 149 9 2 195 196 57 77 142 171 64 133 60 101 19 193 92 174 140 162 56 127 118 70 105 150
OUT L 1
OUT L 0
OUT C 4
OUT L 1
OUT L 2
IN C 114 108 192 115 59 97 136 120 112 188 141 171 62 74 33 181 142 101 16 167 190 147 11 129 49 131 24 94 84 73 195 187 52 46 87 44 198 43 25 27 127 200 81 164 160 71
IN L 2 4 7 9 11 13 14 15 25 30 36 37 38 40 45 51 54 55 56 57 61 62 63 64 65 66 69 71 79 84 88 90 91 102 103 104 105 106 108 109 111 119 121 122 125 133 134 136 137 139 143 144 145 147 150 151 155 159 161 163 168 174 185 188 193
IN L 2 4 7 9 11 13 14 15 25 30 36 37 38 40 45 51 54 55 56 57 61 62 63 64 65 66 69 71 79 84 88 90 91 102 103 104 105 106 108 109 111 119 121 122 125 133 134 136 137 139 143 144 145 147 150 151 155 159 161 163 168 174 185 188 193
OUT C 12
IN L 8 11 12 14 16 18 20 26 28 30 31 38 39 46 51 52 57 60 61 63 67 69 71 73 74 75 77 78 84 87 89 96 97 98 101 102 103 104 105 110 112 115 118 121 125 128 129 132 137 138 144 145 147 152 155 157 158 160 161 167 171 180 183 188
IN L 1 3 6 8 11 12 19 21 24 33 40 43 47 49 51 55 60 61 67 68 71 74 79 80 87 94 95 97 103 104 105 109 111 113 121 122 123 125 127 129 134 136 139 140 143 145 146 150 153 155 160 161 164 168 170 174 185 186 187 188 189 190 191 194
IN L 4 8 11 15 16 17 18 20 24 28 33 34 40 42 46 48 50 54 56 62 64 65 66 69 71 74 78 91 93 96 104 106 112 115 120 121 122 125 126 127 128 130 139 142 144 145 146 147 150 152 153 158 159 161 168 169 179 181 183 184 185 188 195 198
IN L 7 8 9 10 17 20 21 22 24 26 27 31 33 34 38 44 54 73 74 75 77 81 87 89 90 91 93 96 101 106 107 108 110 111 112 114 117 119 121 124 126 136 138 140 141 144 149 153 154 156 159 161 162 165 167 172 173 176 177 180 181 191 197 200
OUT C 5
IN L 1 6 7 8 9 11 17 18 21 23 24 25 27 29 36 38 40 42 46 51 58 60 63 66 68 81 85 86 90 92 94 96 97 104 108 109 110 111 112 113 114 118 121 130 134 138 142 145 147 151 156 157 161 162 174 175 176 177 182 191 196 197 199
OUT C 9
IN L 1 6 7 11 13 14 18 19 22 24 26 28 30 32 34 35 39 45 47 49 53 54 55 57 62 66 75 80 83 89 90 91 96 98 102 103 105 106 109 110 111 113 116 124 131 137 140 143 154 163 166 170 171 175 178 181 182 184 185 186 188 195
OUT C 7
IN C 46 157 2 126 135 87 128 149 103 19 163 115 124 123 199 185 4 90 39 178 184 57 127 75 186 74 62 56 69 198 37 68 112 133 160 129 3 30 117 174 107 108 167 170 76 181 99 136 25 131 125 175 32 196
IN C 50 193 135 104 119 37 12 13 25 106 88 179 123 122 65 177 133 108 105 38 190 183 107 146 40 114 157 44 200 24 36 26 91 180 95 100 63 169 20 191 35 19 120 131 56 154 2 22 167 130 115 170 97 48
OUT L 12
IN C 119 34 167 169 173 48 6 4 187 40 95 184 62 42 80 165 100 130 103 75 92 16 127 52 5 7 13 24 59 51 135 177 131 115 55 139 76 39 145 27 118 114 41 61 3 106 138 87 17 178 91 19 129
OUT L 0
OUT L 4
OUT L 8
OUT C 2
IN L 3 7 12 16 17 20 23 24 26 29 34 35 38 40 43 44 45 46 51 54 55 56 57 60 63 65 66 67 68 84 89 90 91 92 94 97 112 116 118 122 123 128 129 130 132 133 141 142 147 150 153 160 162 167 168 170 173 180 181 183 187 196 198
OUT C 2
OUT C 2
IN L 2 3 7 8 12 14 15 17 19 22 23 32 35 38 39 40 41 42 65 74 75 80 83 84 85 88 90 91 93 97 98 102 112 113 116 121 124 125 128 135 138 142 144 145 149 152 153 154 157 166 171 181 182 185 187 192 193 195 196 197 200
IN C 155 164 22 167 193 81 53 122 24 112 114 25 8 104 188 41 176 107 126 152 194 87 82 142 17 179 132 130 63 65 154 186 35 113 111 108 3 173 78 43 15 95 168 70 198 97 172 67 64 85 51 10
IN L 3 11 15 16 21 23 24 29 38 45 47 48 51 52 53 54 56 57 59 60 62 68 74 79 80 81 85 92 93 97 100 102 103 111 112 113 114 116 121 123 125 127 132 134 135 140 142 153 158 162 163 165 170 173 176 180 181 186 188 192 195 200
IN L 8 9 10 12 13 16 17 18 19 22 23 24 29 30 33 34 36 38 39 40 43 52 54 57 62 69 72 76 77 79 84 88 91 95 99 100 102 105 114 118 119 123 124 130 131 132 138 140 141 145 150 153 159 162 170 174 183 184 190 191 194 198
OUT L 20
OUT L 14
OUT L 0
OUT L 11
OUT C 20
OUT L 12
OUT L 5
OUT L 0
IN C 23 195 78 158 183 152 179 28 67 85 111 113 122 156 3 13 157 90 120 141 114 9 110 142 43 92 96 19 47 130 17 184 82 81 187 86 169 69 45 14 161 153 15 54 162 164 192
IN C 153 42 167 180 119 107 163 184 154 86 192 116 31 64 17 77 127 195 30 171 174 187 68 47 122 106 126 130 135 44 178 36 125 82 143 168 133 63 200 33 146 27 183 170 193 175 166
OUT C 5
IN C 143 36 142 70 170 81 64 53 114 175 98 164 50 159 17 5 46 153 112 146 174 155 57 56 168 136 131 121 167 162 14 169 10 182 172 75 19 181 133 145 85 96 66 117 160 36 2
IN C 59 168 62 177 193 34 21 139 132 170 29 195 198 3 175 98 167 80 44 8 96 74 108 83 86 140 54 87 69 144 25 125 111 148 28 100 141 189 30 45 95 81 64 77 92 65 83
OUT L 7
OUT C 3
OUT L 3
OUT L 2
OUT C 10
OUT L 9
IN C 186 176 72 103 77 84 93 23 118 32 185 71 190 128 69 121 130 101 145 52 135 97 127 30 48 139 95 73 43 81 53 18 113 106 66 16 36 62 172 182 63 79 137
OUT L 1
OUT L 0
OUT C 4
OUT L 1
OUT L 2
IN C 140 68 55 186 19 61 80 150 37 18 112 170 15 77 184 171 155 40 196 183 39 165 172 9 85 42 163 66 90 57 11 60 159 144 26 27 129 143 53
IN L 3 12 18 20 25 27 28 29 33 34 37 38 39 40 43 48 49 52 54 66 70 73 75 78 87 88 90 94 98 106 108 110 111 114 120 121 129 131 137 140 144 145 146 149 151 152 157 168 171 175 179 180 181 183 187 191 192 193 194 195 197 199 200
IN L 4 6 10 12 14 17 19 21 23 24 27 29 30 32 33 34 38 39 41 48 49 52 54 55 56 57 58 62 68 70 75 82 89 92 97 103 105 108 112 115 124 125 131 136 137 138 143 145 154 156 169 170 173 177 179 184 187 190 194 195 198 199 200
OUT C 12
IN L 6 8 11 13 18 33 36 37 38 43 47 49 55 61 63 65 68 72 73 77 79 80 85 87 88 90 94 99 100 105 106 110 111 112 116 121 124 125 129 130 134 135 139 141 147 149 156 160 161 162 163 166 170 171 173 181 182 183 185 187 188 200
IN L 1 2 5 7 12 14 15 22 23 25 30 31 37 40 43 46 47 52 55 58 60 61 64 68 72 78 80 81 90 99 103 104 106 108 118 120 121 122 126 128 139 146 148 149 150 151 153 154 158 162 163 171 173 177 179 180 186 187 188 190 193 197
IN L 3 4 5 7 11 14 16 21 26 32 36 38 39 40 49 51 53 57 58 74 75 77 78 79 81 83 93 98 99 100 101 103 107 108 112 114 115 116 122 123 127 130 131 139 141 148 152 159 160 169 170 175 176 180 184 185 191 192 193 196 198 199
IN L 1 4 5 6 7 8 9 20 22 24 29 31 33 34 45 46 48 57 59 60 64 65 67 69 72 79 83 84 88 90 95 99 101 102 112 114 115 121 125 126 139 140 142 149 151 154 157 159 160 162 165 167 168 169 170 172 177 178 179 181 189 196
OUT C 5
IN L 1 3 4 5 7 8 12 13 15 16 17 19 28 29 30 36 38 39 40 42 43 44 47 49 52 60 65 66 68 77 78 82 84 87 89 91 98 99 104 113 116 126 128 134 140 144 145 148 150 153 164 168 171 174 176 177 181 183 185 186 193
OUT C 9
IN L 2 4 7 14 15 16 19 20 21 23 25 27 29 30 33 34 36 45 46 52 57 58 63 65 70 74 75 82 87 90 92 93 97 103 106 112 114 116 121 129 133 139 140 143 144 153 157 162 167 168 172 173 174 180 181 183 184 186 188 196
OUT C 7
IN C 168 148 27 107 122 121 7 6 24 78 3 174 187 120 160 152 80 91 13 180 48 54 55 182 137 77 15 43 181 124 9 90 5 170 115 92 64 4 110 18 83 158 62 39 106 155 154
IN C 91 9 37 57 129 115 104 197 71 89 160 2 3 148 4 141 153 93 168 61 35 87 88 177 171 163 190 110 188 151 126 128 94 125 199 34 130 133 47 159 105 121 66 88 15 62 108
OUT L 12
IN C 83 124 17 6 82 151 144 78 102 4 6 157 19 30 141 104 22 166 103 139 142 20 174 178 56 87 163 13 110 197 193 49 182 100 18 21 150 170 39 172 27 16 2 8 5 35
OUT L 0
OUT L 4
OUT L 8
OUT C 2
IN L 1 4 7 8 14 15 16 18 27 28 31 38 40 41 44 54 56 58 61 62 66 71 76 77 79 88 91 92 93 100 104 108 109 114 117 118 120 123 126 127 131 132 133 135 142 144 155 158 161 162 164 168 172 173 177 180 184 192 195 196 199
OUT C 2
OUT C 2
IN L 1 5 10 13 16 23 27 29 30 31 33 36 42 45 49 52 53 54 55 62 67 69 73 77 78 84 86 87 93 96 97 100 108 114 118 125 127 128 132 133 144 145 148 153 154 158 160 161 162 170 171 172 177 180 190 192 194 196 198
IN C 131 10 123 175 72 71 29 100 193 153 158 103 66 38 187 138 150 107 88 74 78 63 68 11 186 183 176 95 170 171 142 195 149 185 55 161 148 13 140 163 109 13 47 160 156
IN L 5 15 17 19 22 23 24 28 29 31 32 35 36 39 42 43 45 55 56 60 61 66 76 78 79 83 86 88 93 95 98 101 102 107 112 115 120 122 125 129 133 137 138 142 148 149 153 161 163 165 168 171 174 177 182 184 188 190 192 196
IN L 1 6 12 13 14 15 16 19 20 21 23 30 34 37 39 40 44 48 51 52 53 55 56 68 71 72 74 82 83 85 88 90 93 94 95 100 101 104 115 118 125 127 132 137 139 144 158 162 172 177 180 182 186 187 189 192 194 196 197 199
OUT L 20
OUT L 14
OUT L 0
OUT L 11
OUT C 20
OUT L 12
OUT L 5
OUT L 0
IN C 139 4 5 79 48 23 7 66 14 92 25 36 51 80 69 134 126 171 151 155 174 129 188 3 127 144 136 9 100 11 149 133 180 143 6 95 52 146 170 191
IN C 119 114 47 112 33 36 66 60 90 120 93 27 199 15 182 106 1 56 108 172 102 166 185 4 25 179 3 146 173 131 104 150 44 46 127 79 200 84 186 78
OUT C 5
IN C 189 25 10 21 32 194 52 10 166 77 82 173 13 22 172 67 40 83 2 136 69 11 163 64 101 19 70 188 55 129 68 181 157 195 79 119 17 196 171 4
IN C 138 160 46 57 68 19 47 43 64 134 87 171 173 142 22 12 125 136 124 94 176 9 62 158 115 127 92 56 130 192 10 50 126 93 42 144 143 86 116 75
OUT L 7
OUT C 3
OUT L 3
OUT L 2
OUT C 10
OUT L 9
IN C 72 33 146 99 100 97 85 94 93 92 91 111 135 71 96 15 191 167 19 16 13 41 57 24 166 98 112 95 8 164 134 180 174 168 105 166
OUT L 1
OUT L 0
OUT C 4
OUT L 1
OUT L 2
IN C 111 183 125 42 158 64 59 107 61 84 119 132 159 67 20 198 55 104 156 52 160 153 130 87 80 20 23 54 3 65 41 44
IN L 1 5 6 10 11 18 19 22 27 29 30 31 32 33 38 39 42 47 57 58 59 66 72 73 75 76 78 81 84 86 89 92 93 95 96 97 98 99 102 106 116 120 123 125 128 131 136 141 144 145 149 157 159 162 173 174 178 179 181 183 192
IN L 5 6 7 8 15 19 22 25 26 29 31 32 34 36 37 39 40 45 54 55 56 57 60 61 65 66 67 68 76 77 80 85 87 91 103 110 112 113 119 121 124 126 127 128 130 136 139 140 146 165 167 168 170 174 178 181 185 188 192 193 198
OUT C 12
IN L 6 8 10 11 19 20 28 34 37 38 39 41 43 46 47 49 50 59 64 69 72 81 84 88 97 99 100 102 105 106 111 112 115 118 120 121 126 128 130 133 134 135 138 142 144 145 155 159 160 163 164 174 176 180 181 182 184 188 189 196
IN L 3 4 5 9 12 14 19 20 25 26 28 29 37 39 41 43 44 46 48 50 51 53 55 56 57 58 62 66 67 68 82 87 88 97 101 109 111 113 117 119 123 125 126 132 134 139 140 149 163 165 174 175 180 182 186 187 189 191 193 198
IN L 1 3 5 6 7 12 14 15 19 20 24 27 29 40 42 44 53 57 58 64 65 68 75 78 81 84 85 86 95 96 102 106 107 109 114 125 129 135 136 139 143 144 149 160 162 164 166 167 171 173 178 183 185 187 189 191 194 198 199 200
IN L 1 2 10 11 17 22 23 24 27 32 40 41 43 44 45 47 52 53 54 55 59 63 72 73 74 75 84 85 87 89 90 91 92 96 99 103 104 106 109 110 111 115 124 127 128 129 130 147 149 152 154 168 176 179 180 183 189 194 196 200
OUT C 5
IN L 1 2 3 7 9 10 11 12 13 19 20 22 24 29 31 36 40 42 50 51 55 60 61 62 67 75 79 89 92 94 96 97 101 115 119 121 127 129 131 132 136 141 144 145 147 148 152 159 165 170 175 180 184 188 189 191 196 198 200
OUT C 9
IN L 2 3 5 8 14 15 17 28 34 38 40 41 42 43 45 46 48 52 53 57 70 71 72 74 78 81 82 84 91 92 95 98 102 109 116 120 121 126 130 132 133 134 143 146 147 149 156 159 162 176 177 180 181 186 191 193 194 196
OUT C 7
IN C 20 23 54 3 65 77 42 114 195 135 139 17 130 172 41 59 27 56 180 53 43 188 182 137 61 126 51 33 98 152 169 82 81 120 200 87 10 149 197 72
IN C 53 38 8 77 136 67 170 86 177 190 80 62 20 23 54 3 65 41 77 42 158 51 20 7 174 175 102 69 97 33 184 49 48 32 124 169 168 10 17 194
OUT L 12
IN C 51 95 60 20 23 54 3 65 41 77 117 28 26 50 136 106 70 190 113 13 145 1 144 149 114 135 108 189 133 129 193 82 12 79 105 122 67 24 76
OUT L 0
OUT L 4
OUT L 8
OUT C 2
IN L 1 4 8 10 11 13 15 20 26 27 28 30 34 35 36 40 44 52 54 57 58 59 60 62 64 68 69 72 74 76 81 85 86 93 96 99 102 103 106 107 108 110 112 115 118 119 124 129 135 145 149 156 158 167 175 176 184 197 199
OUT C 2
OUT C 2