5
16
-15 -43 -71 -6 -5 -21 -49 -77 -15 -78 -69 -86 -9 -42 -98 -20 
44
-84 -57 -81 -12 -12 -48 -5 -15 -67 -56 -9 -34 -87 -2 -100 -91 -42 -75 -72 -97 -23 -100 -66 -11 -68 -16 -88 -93 -27 -97 -39 -24 -75 -96 -13 -12 -11 -73 -52 -6 -73 -26 -72 -63 
10
-7 -76 -7 -41 -50 -76 -64 -41 -28 -26 
25
-71 -81 -57 -52 -21 -7 -15 -25 -20 -31 -41 -76 -6 -70 -64 -35 -55 -62 -52 -62 -45 -63 -60 -70 -67 
33
-12 -47 -45 -3 -41 -99 -14 -42 -48 -75 -18 -44 -52 -36 -44 -52 -66 -47 -21 -14 -70 -18 -66 -12 -57 -69 -56 -52 -56 -29 -17 -25 -39 

