Sub-tropa Forte 1: 94 -48 -43 6 41 -21 78 88 -28 -22 -16 86 -80 98 42 40 78 51 14 
Sub-tropa Forte 2: 58 -13 5 50 1 
Sub-tropa Forte 3: 33 99 78 -54 78 -59 46 27 
Sub-tropa Forte 4: 97 -78 10 15 12 91 
Sub-tropa Forte 5: 50 4 100 62 -98 96 -58 1 0 -36 45 53 
Sub-tropa Forte 6: 38 -11 92 -60 3 71 54 -74 -52 26 71 97 
Sub-tropa Forte 7: 52 53 -34 -21 74 -69 26 -29 66 -8 -42 98 13 -24 49 45 -37 64 
Sub-tropa Forte 8: 26 82 67 83 -37 54 -21 -11 -16 -46 -76 73 74 -3 -87 9 -65 18 -67 3 74 -73 36 77 58 -12 76 -64 89 
Sub-tropa Forte 9: 40 93 89 77 0 90 36 3 -24 -74 93 89 46 
Sub-tropa Forte 10: 95 15 83 57 
Sub-tropa Forte 11: 39 90 31 -93 64 -32 53 93 -1 -17 38 2 -35 13 -2 71 
Sub-tropa Forte 12: 94 85 51 
Sub-tropa Forte 13: 12 
Sub-tropa Forte 14: 27 56 24 
Sub-tropa Forte 15: 33 15 79 -34 1 58 61 -35 -96 -23 -2 31 18 38 89 
Sub-tropa Forte 16: 81 95 
Sub-tropa Forte 17: 88 -61 20 96 -81 92 -34 -50 -33 43 38 96 
Sub-tropa Forte 18: 52 74 -49 -4 40 97 -2 100 -89 65 -87 -50 100 65 28 99 65 -36 33 93 -91 76 57 -52 13 61 
Sub-tropa Forte 19: 76 -12 -4 8 44 70 
Sub-tropa Forte 20: 29 16 10 44 76 42 -39 17 -36 91 -27 9 -99 -3 88 27 -37 86 
Sub-tropa Elite: 36 77 58 -12 76 -64 89 40 93 89 77 0 90 36 3 -24 -74 93 89 46 95 15 83 57 39 90 31 -93 64 -32 53 93 -1 -17 38 2 -35 13 -2 71 94 85 51 12 27 56 24 33 15 79 -34 1 58 61 -35 -96 -23 -2 31 18 38 89 81 95 88 -61 20 96 -81 92 -34 -50 -33 43 38 96 52 74 -49 -4 40 97 -2 100 -89 65 -87 -50 100 65 28 99 65 -36 33 93 -91 76 57 -52 13 61 76 -12 -4 8 44 70 29 16 10 44 76 42 
