20
34
35 -54 94 -48 -43 6 41 -21 78 88 -28 -22 -16 86 -80 98 42 40 78 51 14 -85 4 37 -31 63 -37 -43 -41 -56 -58 52 24 -75 
6
58 -13 5 50 1 -21 
49
33 99 78 -54 78 -59 46 27 -16 -18 -49 73 -66 -32 7 -38 70 -56 3 -76 -72 12 -15 -92 73 33 1 -32 54 -20 74 -26 -52 27 -63 -86 22 -31 -14 40 -40 -100 61 37 55 61 -25 -54 36 
29
4 42 25 54 0 -50 21 -84 100 20 -35 -50 89 -84 -45 95 -72 45 0 49 -68 -83 -34 97 -78 10 15 12 91 
27
-66 -8 30 47 -19 70 -51 -75 10 -72 1 -96 50 4 100 62 -98 96 -58 1 0 -36 45 53 -42 -58 -34 
14
77 -94 38 -11 92 -60 3 71 54 -74 -52 26 71 97 
33
-40 52 53 -34 -21 74 -69 26 -29 66 -8 -42 98 13 -24 49 45 -37 64 -45 -71 -37 61 10 -94 -61 -28 -83 80 30 90 64 7 
38
12 -69 -24 26 82 67 83 -37 54 -21 -11 -16 -46 -76 73 74 -3 -87 9 -65 18 -67 3 74 -73 36 77 58 -12 76 -64 89 -85 -85 -96 -50 37 -76 
46
31 81 39 39 -55 -28 94 -1 37 33 -46 77 9 17 -2 39 -52 -89 -49 -49 -19 45 -10 -85 -36 -38 40 93 89 77 0 90 36 3 -24 -74 93 89 46 -98 -36 -70 -30 -35 17 -70 
21
-8 84 80 -8 15 -45 -25 60 -97 -4 -13 80 -86 -47 95 15 83 57 -66 -39 75 
23
-71 -84 -43 40 -65 -48 -44 39 90 31 -93 64 -32 53 93 -1 -17 38 2 -35 13 -2 71 
7
-87 -23 -42 94 85 51 -78 
6
-29 -29 -39 12 -89 -26 
13
-39 -55 -55 -97 27 56 24 -6 -48 -72 25 32 10 
24
-48 -90 -15 54 22 5 -15 -79 -37 33 15 79 -34 1 58 61 -35 -96 -23 -2 31 18 38 89 
32
-67 -6 81 95 -98 62 -39 -67 -67 -30 53 -67 -99 65 2 8 90 -17 -2 -10 -29 -14 61 -77 -52 14 -7 12 -41 -64 47 92 
24
63 -93 25 -53 -43 88 -61 20 96 -81 92 -34 -50 -33 43 38 96 -95 -90 28 -23 39 34 -70 
43
-87 60 -1 64 -88 -32 -4 52 74 -49 -4 40 97 -2 100 -89 65 -87 -50 100 65 28 99 65 -36 33 93 -91 76 57 -52 13 61 -99 -98 -84 -100 -87 8 85 -42 -76 78 
36
-51 -74 46 91 -33 -24 3 -94 91 -61 39 -31 20 93 -73 -34 34 -89 -85 81 88 -94 71 -35 8 -56 5 -57 -27 76 -12 -4 8 44 70 -80 
49
-39 -72 28 54 -10 -77 -46 15 2 56 39 84 0 -100 -5 49 -92 -10 -38 -73 -3 2 -17 39 -23 -85 17 -73 29 16 10 44 76 42 -39 17 -36 91 -27 9 -99 -3 88 27 -37 86 -3 -32 -29 

