Sub-tropa Forte 1: 71 30 
Sub-tropa Forte 2: 57 
Sub-tropa Forte 3: 71 84 -6 -29 10 5 27 -96 39 75 12 -31 -3 -16 -71 93 98 68 94 81 -16 -61 89 -49 -16 27 -91 -14 -19 62 -30 -58 68 0 68 53 -4 25 -89 35 -60 65 45 -6 48 -5 3 22 88 -58 69 -10 93 68 89 29 -49 75 33 
Sub-tropa Forte 4: 56 54 -3 36 14 79 4 -69 99 -31 -71 -36 23 58 54 -88 18 97 
Sub-tropa Forte 5: 71 77 -100 95 -30 92 15 95 17 -20 88 -66 -3 23 5 73 -71 75 -24 -36 -73 18 81 44 -73 -29 85 59 30 24 69 52 -50 -65 -32 -35 46 -17 -53 69 99 44 77 89 
Sub-tropa Forte 6: 78 73 33 40 60 -61 -49 96 -63 6 12 49 55 -34 -8 -59 -39 81 -35 -21 -56 88 11 -81 83 -8 49 56 54 -40 -7 67 -15 -48 51 93 87 -19 10 84 
Sub-tropa Forte 7: 8 21 -2 92 42 -46 63 36 37 -30 62 
Sub-tropa Forte 8: 82 66 37 
Sub-tropa Forte 9: 81 51 86 83 28 7 28 -21 29 
Sub-tropa Forte 10: -3 
Sub-tropa Forte 11: 75 34 -19 64 11 -35 66 40 -53 -96 -43 60 52 72 13 -15 3 20 42 34 76 
Sub-tropa Forte 12: 55 87 74 -46 64 -49 -98 83 85 32 3 60 89 50 -46 -53 -5 26 87 93 56 -19 26 4 7 -21 26 91 -10 36 15 67 94 34 -15 -59 20 61 -58 88 88 57 27 -90 77 -20 -9 73 -64 73 87 93 
Sub-tropa Forte 13: 13 52 51 64 -19 72 14 93 87 65 82 -31 -10 71 -37 -79 17 -88 43 97 -68 42 67 -86 -36 -2 -12 77 64 13 19 
Sub-tropa Forte 14: 41 96 
Sub-tropa Forte 15: 95 -15 61 -3 78 -82 74 67 71 -73 -11 4 47 -67 57 -36 55 -60 -94 78 -76 32 58 29 59 86 52 60 -34 9 79 -61 -43 1 72 -77 68 97 
Sub-tropa Forte 16: 69 62 23 92 -88 0 36 32 72 -29 -99 25 40 90 -88 -93 -10 87 -6 42 5 55 -16 -51 -51 -4 -5 85 86 31 18 62 23 -44 93 5 -32 56 98 82 -19 -58 52 78 20 70 -56 24 38 -61 -8 69 15 
Sub-tropa Forte 17: 49 82 63 -44 79 22 -22 -6 62 1 
Sub-tropa Forte 18: 7 77 9 -11 61 29 55 
Sub-tropa Forte 19: 81 61 5 28 -21 1 75 -51 65 
Sub-tropa Forte 20: 82 19 64 3 -4 37 52 -93 -15 67 -37 -50 74 33 -82 -36 -26 -45 63 86 78 
Sub-tropa Forte 21: 11 66 18 84 -26 95 -69 -94 -47 10 22 97 32 81 50 26 28 65 74 26 
Sub-tropa Forte 22: 85 9 -9 34 -92 27 -4 94 -13 92 12 76 -33 -8 -57 19 -21 32 43 7 62 -48 47 1 5 -96 -61 13 -98 77 -20 45 24 -80 1 72 60 98 7 46 
Sub-tropa Forte 23: 80 79 21 -47 82 -18 -37 44 40 -13 1 -63 98 50 -45 -68 75 -34 76 -53 -17 47 28 55 -100 78 30 41 
Sub-tropa Forte 24: 31 -8 26 -24 49 52 32 -35 -82 89 39 -22 -7 -88 -41 28 63 -17 12 76 -63 36 41 -83 85 77 -87 82 43 90 86 91 96 40 -27 32 92 -55 63 74 39 -21 53 
Sub-tropa Forte 25: 57 -32 59 68 7 21 10 75 -65 -58 -98 94 36 -1 -83 85 1 -53 -42 -1 81 -9 96 19 -56 43 44 3 81 
Sub-tropa Forte 26: 74 -19 59 71 59 
Sub-tropa Forte 27: 63 58 81 48 -80 -37 91 96 72 44 -80 47 -24 -57 -42 -68 26 88 70 -3 -62 -86 -42 55 -100 66 45 75 -29 -92 67 41 -34 61 -13 47 15 15 39 50 -27 -20 58 -58 34 83 -71 71 18 10 
Sub-tropa Forte 28: 97 -26 -12 79 -62 46 83 
Sub-tropa Forte 29: 70 14 36 35 -56 81 -29 80 -16 62 33 58 
Sub-tropa Forte 30: 49 48 20 82 57 11 56 6 46 75 -14 -54 -31 65 7 80 -78 37 85 -66 58 -32 -64 87 35 67 29 -84 54 36 23 -39 64 
Sub-tropa Forte 31: 58 -55 78 58 5 -5 74 -9 -46 80 -29 -70 55 61 
Sub-tropa Forte 32: 82 43 -4 13 38 19 -71 -4 2 27 1 -57 70 96 26 -4 68 41 
Sub-tropa Forte 33: 84 -29 24 61 22 25 
Sub-tropa Forte 34: 49 92 -81 50 31 78 53 53 -84 88 33 -72 -9 59 -45 26 7 43 94 -3 18 98 -98 64 -9 21 -87 99 47 18 94 -59 -90 -98 37 -84 -80 86 18 -53 83 40 23 -10 80 55 72 68 62 20 -37 45 -96 -57 -99 -11 17 41 99 46 82 76 83 
Sub-tropa Forte 35: 46 89 55 -58 -8 -2 -33 61 -82 -23 23 26 -54 53 77 70 -40 36 -40 35 6 -11 -35 66 -98 6 1 -40 38 -13 -67 -38 34 92 40 90 -42 -42 -94 -16 39 88 46 -24 82 -35 -83 -3 -67 -52 -84 66 -28 80 82 72 72 10 -94 -52 -33 98 -33 93 -81 11 -41 80 8 -58 57 -75 -91 66 53 42 22 82 
Sub-tropa Forte 36: 56 -16 97 -2 -22 -27 -1 44 -96 14 55 89 -26 90 68 16 -26 4 85 31 11 77 15 -38 88 -85 -90 -97 46 61 -15 -89 91 84 -66 -17 51 -22 -41 80 43 -98 92 94 -30 -66 63 88 
Sub-tropa Forte 37: 77 -27 36 25 77 45 -61 32 86 43 48 9 99 5 9 28 89 
Sub-tropa Forte 38: 56 -1 23 63 69 69 14 
Sub-tropa Forte 39: 20 9 86 42 52 11 60 -33 13 16 -49 35 42 35 21 79 71 18 63 -59 -69 85 -8 -53 50 94 -26 32 31 -96 -65 13 48 92 -75 65 65 -21 57 
Sub-tropa Forte 40: 97 -25 -28 40 -68 -14 86 85 63 -84 -80 44 96 22 67 -37 -51 -27 13 62 30 92 37 60 11 -17 -99 43 -60 -27 78 36 97 -7 -50 41 -59 68 -54 44 32 -63 -32 -70 -12 -37 85 -73 9 -82 -3 -11 99 -84 -71 -82 61 -25 89 88 -35 -7 -14 93 82 37 18 16 54 5 97 -40 56 
Sub-tropa Forte 41: 85 63 30 11 46 70 8 16 96 99 -60 3 8 -15 61 -58 -51 96 -40 -59 33 89 
Sub-tropa Forte 42: 86 96 89 
Sub-tropa Forte 43: 65 37 -85 43 64 -34 -76 41 22 -24 71 -56 88 -30 -86 -19 37 70 3 72 -48 13 -75 64 2 94 35 
Sub-tropa Forte 44: 64 91 55 97 -10 81 -9 61 9 -1 -22 -98 70 -43 79 73 16 -28 10 13 -16 -10 -23 98 27 -50 -58 81 -3 49 -4 -28 43 69 29 69 -18 -79 79 42 38 70 82 -82 -39 52 -5 12 45 72 82 99 40 -77 -95 -21 -9 -85 -95 -19 55 15 58 -67 61 -8 48 64 86 -44 64 92 39 
Sub-tropa Forte 45: 83 93 -70 89 -22 76 32 -59 88 69 94 -32 93 16 -1 16 -7 22 -90 20 -71 77 -53 -14 89 83 56 -87 98 -2 35 -70 55 -18 78 28 55 16 43 
Sub-tropa Forte 46: 5 61 13 24 85 -31 9 -34 -66 -61 85 30 -98 77 62 41 -94 17 13 41 -31 87 -73 -14 81 -73 77 78 -72 -10 5 27 82 -82 54 31 
Sub-tropa Forte 47: 24 77 -83 57 28 52 89 -30 -1 -87 25 38 91 47 26 
Sub-tropa Forte 48: 8 -2 67 65 20 
Sub-tropa Forte 49: 62 -5 45 38 89 30 -35 -15 45 10 49 53 35 -79 -28 -81 -8 40 37 -15 -65 45 85 56 -30 -77 -30 22 7 51 -55 34 45 -24 93 -61 -10 87 -86 86 63 -9 48 11 -70 -67 83 -99 58 2 18 -41 -70 -7 -8 -96 57 73 -19 -13 -21 15 82 -81 75 61 -2 84 -76 -76 -91 35 26 59 -22 -76 20 47 -14 7 39 15 -55 35 62 82 
Sub-tropa Forte 50: 26 74 -40 -36 72 98 13 82 -76 36 3 -38 8 -68 -92 50 87 23 11 93 -36 -48 33 -75 -60 -31 65 57 61 -75 -62 97 32 24 87 
Sub-tropa Elite: 65 45 -6 48 -5 3 22 88 -58 69 -10 93 68 89 29 -49 75 33 56 54 -3 36 14 79 4 -69 99 -31 -71 -36 23 58 54 -88 18 97 71 77 -100 95 -30 92 15 95 17 -20 88 -66 -3 23 5 73 -71 75 -24 -36 -73 18 81 44 -73 -29 85 59 30 24 69 52 -50 -65 -32 -35 46 -17 -53 69 99 44 77 89 78 73 33 40 60 -61 -49 96 -63 6 12 49 55 -34 -8 -59 -39 81 -35 -21 -56 88 11 -81 83 -8 49 56 54 -40 -7 67 -15 -48 51 93 87 -19 10 84 8 21 -2 92 42 -46 63 36 37 -30 62 82 66 37 81 51 86 83 28 7 28 -21 29 -3 75 34 -19 64 11 -35 66 40 -53 -96 -43 60 52 72 13 -15 3 20 42 34 76 55 87 74 -46 64 -49 -98 83 85 32 3 60 89 50 -46 -53 -5 26 87 93 56 -19 26 4 7 -21 26 91 -10 36 15 67 94 34 -15 -59 20 61 -58 88 88 57 27 -90 77 -20 -9 73 -64 73 87 93 13 52 51 64 -19 72 14 93 87 65 82 -31 -10 71 -37 -79 17 -88 43 97 -68 42 67 -86 -36 -2 -12 77 64 13 19 41 96 95 -15 61 -3 78 -82 74 67 71 -73 -11 4 47 -67 57 -36 55 -60 -94 78 -76 32 58 29 59 86 52 60 -34 9 79 -61 -43 1 72 -77 68 97 69 62 23 92 -88 0 36 32 72 -29 -99 25 40 90 -88 -93 -10 87 -6 42 5 55 -16 -51 -51 -4 -5 85 86 31 18 62 23 -44 93 5 -32 56 98 82 -19 -58 52 78 20 70 -56 24 38 -61 -8 69 15 49 82 63 -44 79 22 -22 -6 62 1 7 77 9 -11 61 29 55 81 61 5 28 -21 1 75 -51 65 82 19 64 3 -4 37 52 -93 -15 67 -37 -50 74 33 -82 -36 -26 -45 63 86 78 11 66 18 84 -26 95 -69 -94 -47 10 22 97 32 81 50 26 28 65 74 26 85 9 -9 34 -92 27 -4 94 -13 92 12 76 -33 -8 -57 19 -21 32 43 7 62 -48 47 1 5 -96 -61 13 -98 77 -20 45 24 -80 1 72 60 98 7 46 80 79 21 -47 82 -18 -37 44 40 -13 1 -63 98 50 -45 -68 75 -34 76 -53 -17 47 28 55 -100 78 30 41 31 -8 26 -24 49 52 32 -35 -82 89 39 -22 -7 -88 -41 28 63 -17 12 76 -63 36 41 -83 85 77 -87 82 43 90 86 91 96 40 -27 32 92 -55 63 74 39 -21 53 57 -32 59 68 7 21 10 75 -65 -58 -98 94 36 -1 -83 85 1 -53 -42 -1 81 -9 96 19 -56 43 44 3 81 74 -19 59 71 59 63 58 81 48 -80 -37 91 96 72 44 -80 47 -24 -57 -42 -68 26 88 70 -3 -62 -86 -42 55 -100 66 45 75 -29 -92 67 41 -34 61 -13 47 15 15 39 50 -27 -20 58 -58 34 83 -71 71 18 10 97 -26 -12 79 -62 46 83 70 14 36 35 -56 81 -29 80 -16 62 33 58 49 48 20 82 57 11 56 6 46 75 -14 -54 -31 65 7 80 -78 37 85 -66 58 -32 -64 87 35 67 29 -84 54 36 23 -39 64 58 -55 78 58 5 -5 74 -9 -46 80 -29 -70 55 61 82 43 -4 13 38 19 -71 -4 2 27 1 -57 70 96 26 -4 68 41 84 -29 24 61 22 25 49 92 -81 50 31 78 53 53 -84 88 33 -72 -9 59 -45 26 7 43 94 -3 18 98 
