50
7
0 98 -23 -92 71 30 -13 
7
-85 57 -74 -4 55 -13 -4 
78
-56 -47 18 -25 -2 -24 97 -7 -75 -15 -79 71 84 -6 -29 10 5 27 -96 39 75 12 -31 -3 -16 -71 93 98 68 94 81 -16 -61 89 -49 -16 27 -91 -14 -19 62 -30 -58 68 0 68 53 -4 25 -89 35 -60 65 45 -6 48 -5 3 22 88 -58 69 -10 93 68 89 29 -49 75 33 -12 -41 -68 -42 -70 -86 23 -95 
91
-91 52 -32 91 -36 -41 -97 79 -54 -59 -98 78 -23 -20 96 -74 -77 -47 71 69 77 8 -43 -27 60 -99 64 -26 -95 8 38 1 34 61 27 52 -51 -72 10 -38 34 24 91 -31 22 -86 -28 95 21 -32 -8 -41 -29 -31 -85 -98 86 -92 56 54 -3 36 14 79 4 -69 99 -31 -71 -36 23 58 54 -88 18 97 -33 9 -54 -15 -96 -100 -59 -39 -20 -13 -26 -60 58 21 -61 
60
71 77 -100 95 -30 92 15 95 17 -20 88 -66 -3 23 5 73 -71 75 -24 -36 -73 18 81 44 -73 -29 85 59 30 24 69 52 -50 -65 -32 -35 46 -17 -53 69 99 44 77 89 -91 -25 -17 -78 94 6 -86 -51 89 -45 14 87 -62 -88 14 -11 
68
78 73 33 40 60 -61 -49 96 -63 6 12 49 55 -34 -8 -59 -39 81 -35 -21 -56 88 11 -81 83 -8 49 56 54 -40 -7 67 -15 -48 51 93 87 -19 10 84 -11 -88 -50 -16 -29 23 5 -54 -73 -82 -17 -87 79 -91 -26 44 -47 10 90 89 98 27 60 30 55 -29 88 -57 
93
-54 77 48 -44 10 -33 -98 8 21 -2 92 42 -46 63 36 37 -30 62 -61 -65 91 -34 -2 -74 -37 -80 -5 -5 -61 -73 64 -93 45 -55 77 -39 -82 -32 -47 -6 -3 -78 -87 -49 -75 54 47 -88 -32 42 36 55 -30 -69 11 67 -18 -4 17 64 70 -68 -100 25 29 -85 34 -55 39 30 -7 -73 26 71 -4 -38 -75 -19 -53 -34 84 66 -39 -25 4 -41 -11 -61 -95 -30 -25 66 -58 
16
-50 -44 82 66 37 -67 -99 66 -15 61 18 -90 -75 6 -57 29 
28
-42 -86 -79 77 43 10 -68 55 -40 -22 67 -47 -45 -8 -51 -2 8 -92 81 51 86 83 28 7 28 -21 29 -84 
6
-51 -23 -88 -3 -26 -8 
27
99 32 60 -22 -83 -100 75 34 -19 64 11 -35 66 40 -53 -96 -43 60 52 72 13 -15 3 20 42 34 76 
56
39 -88 19 -96 55 87 74 -46 64 -49 -98 83 85 32 3 60 89 50 -46 -53 -5 26 87 93 56 -19 26 4 7 -21 26 91 -10 36 15 67 94 34 -15 -59 20 61 -58 88 88 57 27 -90 77 -20 -9 73 -64 73 87 93 
51
39 25 -6 -80 -48 -94 96 -1 -24 -61 -50 -70 77 -44 58 -21 -100 -54 13 52 51 64 -19 72 14 93 87 65 82 -31 -10 71 -37 -79 17 -88 43 97 -68 42 67 -86 -36 -2 -12 77 64 13 19 -87 -80 
6
61 -81 -59 41 96 -17 
50
-96 99 -74 38 -73 -67 95 -15 61 -3 78 -82 74 67 71 -73 -11 4 47 -67 57 -36 55 -60 -94 78 -76 32 58 29 59 86 52 60 -34 9 79 -61 -43 1 72 -77 68 97 -53 -99 -61 -79 72 31 
69
71 9 -59 -32 -82 26 -48 -56 69 62 23 92 -88 0 36 32 72 -29 -99 25 40 90 -88 -93 -10 87 -6 42 5 55 -16 -51 -51 -4 -5 85 86 31 18 62 23 -44 93 5 -32 56 98 82 -19 -58 52 78 20 70 -56 24 38 -61 -8 69 15 -69 -84 -21 -68 -10 -33 -62 24 
16
-85 22 -55 -24 49 82 63 -44 79 22 -22 -6 62 1 -58 -13 
63
68 -22 0 93 -6 60 -65 54 -65 -78 -39 -64 -76 -65 -81 -27 7 77 9 -11 61 29 55 -89 -36 -76 -95 -94 35 -30 -70 10 -19 -7 47 40 56 -9 19 -88 66 6 9 -50 -82 -78 1 17 -92 -50 -73 14 -78 69 -85 -87 86 -29 48 95 -1 -69 -94 
19
81 61 5 28 -21 1 75 -51 65 -48 28 -82 64 -19 -33 -48 55 -28 -74 
25
82 19 64 3 -4 37 52 -93 -15 67 -37 -50 74 33 -82 -36 -26 -45 63 86 78 -49 -11 -78 40 
35
-69 51 -83 -86 -2 -6 35 -64 -93 -86 11 66 18 84 -26 95 -69 -94 -47 10 22 97 32 81 50 26 28 65 74 26 -16 -53 -10 -33 -13 
78
46 -53 -52 -4 30 36 -30 -38 85 9 -9 34 -92 27 -4 94 -13 92 12 76 -33 -8 -57 19 -21 32 43 7 62 -48 47 1 5 -96 -61 13 -98 77 -20 45 24 -80 1 72 60 98 7 46 -71 -84 -45 67 63 -92 -52 9 -24 4 -74 12 37 -72 -21 14 -47 98 -96 -80 51 -34 62 80 -18 59 53 -9 47 72 
39
-33 80 79 21 -47 82 -18 -37 44 40 -13 1 -63 98 50 -45 -68 75 -34 76 -53 -17 47 28 55 -100 78 30 41 -33 -29 28 -65 62 -42 -59 -44 -67 98 
76
28 -13 -52 -15 -48 60 -96 -12 -8 39 -11 43 -12 79 78 53 51 26 -87 -61 -46 -43 0 10 -33 2 -7 32 -49 -81 -70 -84 -29 31 -8 26 -24 49 52 32 -35 -82 89 39 -22 -7 -88 -41 28 63 -17 12 76 -63 36 41 -83 85 77 -87 82 43 90 86 91 96 40 -27 32 92 -55 63 74 39 -21 53 
33
54 -30 -87 -4 57 -32 59 68 7 21 10 75 -65 -58 -98 94 36 -1 -83 85 1 -53 -42 -1 81 -9 96 19 -56 43 44 3 81 
44
-28 3 61 4 97 21 -23 -42 -18 -6 90 5 -24 -16 -43 -94 -75 -72 -71 2 -57 74 -19 59 71 59 -30 -86 -47 -3 -11 14 80 -28 10 46 -61 -17 38 45 -98 -39 -94 45 
65
-77 63 58 81 48 -80 -37 91 96 72 44 -80 47 -24 -57 -42 -68 26 88 70 -3 -62 -86 -42 55 -100 66 45 75 -29 -92 67 41 -34 61 -13 47 15 15 39 50 -27 -20 58 -58 34 83 -71 71 18 10 -73 -12 1 20 3 -8 -49 -62 12 -33 47 16 -44 11 
33
-42 22 -25 4 5 -81 1 18 7 -25 -52 81 -87 2 -20 -71 -18 -77 -74 97 -26 -12 79 -62 46 83 -90 21 2 -35 -44 13 -33 
66
70 22 76 -3 -37 -91 -72 17 16 -4 -46 -42 -86 -94 -39 17 -80 70 14 36 35 -56 81 -29 80 -16 62 33 58 -83 9 -4 -95 33 -88 32 -91 -78 -58 26 50 97 68 11 85 -12 -51 -86 -4 2 9 82 -34 -27 0 -8 59 -7 -48 59 70 -75 -3 84 -53 70 
49
35 -76 22 -5 20 -8 8 66 -2 -25 -53 -81 49 48 20 82 57 11 56 6 46 75 -14 -54 -31 65 7 80 -78 37 85 -66 58 -32 -64 87 35 67 29 -84 54 36 23 -39 64 -34 -24 35 -35 
50
23 11 -1 -15 -4 -49 63 -15 9 7 -80 -90 -81 15 -46 91 -73 47 -40 -81 80 55 -83 23 36 -5 -59 41 -35 -88 -98 58 -55 78 58 5 -5 74 -9 -46 80 -29 -70 55 61 -4 -87 -46 10 -17 
99
86 -48 -41 82 43 -4 13 38 19 -71 -4 2 27 1 -57 70 96 26 -4 68 41 -60 -96 63 -97 5 33 96 -83 -4 -93 27 -40 68 37 -7 67 -31 -50 -66 -45 39 73 -53 91 -18 -30 13 61 -87 23 -34 -83 -74 -73 -35 -5 -22 -12 99 98 40 2 -97 1 67 -92 -85 77 32 -9 6 18 -13 71 56 -1 -24 46 13 -13 -83 63 -55 13 -93 -20 38 -82 -63 -28 6 98 -51 -10 31 15 -32 -22 
52
-87 -14 -15 84 -29 24 61 22 25 -77 -75 24 -12 -69 -7 -65 0 -75 -85 16 57 94 -31 6 -5 19 -14 36 -92 -60 63 9 -86 -37 -72 34 64 -99 -65 29 -18 58 -5 9 -41 9 81 -30 -51 86 -80 11 
86
26 -62 15 -59 -83 49 92 -81 50 31 78 53 53 -84 88 33 -72 -9 59 -45 26 7 43 94 -3 18 98 -98 64 -9 21 -87 99 47 18 94 -59 -90 -98 37 -84 -80 86 18 -53 83 40 23 -10 80 55 72 68 62 20 -37 45 -96 -57 -99 -11 17 41 99 46 82 76 83 -49 43 -72 -35 47 9 4 -74 -73 -98 37 -65 -15 -17 62 -23 -18 31 
95
38 -99 -22 46 89 55 -58 -8 -2 -33 61 -82 -23 23 26 -54 53 77 70 -40 36 -40 35 6 -11 -35 66 -98 6 1 -40 38 -13 -67 -38 34 92 40 90 -42 -42 -94 -16 39 88 46 -24 82 -35 -83 -3 -67 -52 -84 66 -28 80 82 72 72 10 -94 -52 -33 98 -33 93 -81 11 -41 80 8 -58 57 -75 -91 66 53 42 22 82 -94 -9 -62 -34 -91 -48 -59 34 22 81 -37 7 86 66 
61
-86 -14 56 -16 97 -2 -22 -27 -1 44 -96 14 55 89 -26 90 68 16 -26 4 85 31 11 77 15 -38 88 -85 -90 -97 46 61 -15 -89 91 84 -66 -17 51 -22 -41 80 43 -98 92 94 -30 -66 63 88 -89 -51 -97 -23 -19 -41 -89 -19 39 5 1 
86
-20 -50 13 88 85 98 99 48 -8 -19 4 -82 -9 55 -78 -35 -100 -66 65 -76 89 95 -91 -98 11 -1 -55 -97 -77 26 5 -42 -65 -37 19 69 74 -69 -38 45 85 -31 -15 96 29 -9 -30 -49 25 15 -50 -74 44 -2 -81 -66 49 89 -97 -39 -90 -38 -12 74 -9 -66 0 68 -96 77 -27 36 25 77 45 -61 32 86 43 48 9 99 5 9 28 89 
13
56 -1 23 63 69 69 14 -74 61 12 -87 79 -27 
75
-27 18 69 96 36 74 -82 -88 87 77 -26 -84 -82 -62 74 68 -32 20 -97 -24 -92 -100 -50 -30 -42 -67 93 -46 -55 70 -84 35 -90 7 25 -48 20 9 86 42 52 11 60 -33 13 16 -49 35 42 35 21 79 71 18 63 -59 -69 85 -8 -53 50 94 -26 32 31 -96 -65 13 48 92 -75 65 65 -21 57 
97
-90 -71 -49 -87 -64 -15 -8 46 -59 -41 97 -25 -28 40 -68 -14 86 85 63 -84 -80 44 96 22 67 -37 -51 -27 13 62 30 92 37 60 11 -17 -99 43 -60 -27 78 36 97 -7 -50 41 -59 68 -54 44 32 -63 -32 -70 -12 -37 85 -73 9 -82 -3 -11 99 -84 -71 -82 61 -25 89 88 -35 -7 -14 93 82 37 18 16 54 5 97 -40 56 -90 -74 96 -80 -80 -80 -19 -31 88 -17 96 12 95 70 
36
-24 -6 30 -44 85 63 30 11 46 70 8 16 96 99 -60 3 8 -15 61 -58 -51 96 -40 -59 33 89 -87 -93 65 -21 -58 76 -68 -41 84 -71 
16
26 10 3 -78 50 -18 -98 -45 -38 86 96 89 -93 -79 5 79 
60
-26 96 -77 7 43 18 -98 -46 -57 37 47 -73 32 -89 65 37 -85 43 64 -34 -76 41 22 -24 71 -56 88 -30 -86 -19 37 70 3 72 -48 13 -75 64 2 94 35 -89 -49 32 -70 -60 19 -19 -81 61 -97 66 11 22 43 24 -95 -80 66 -50 
78
64 91 55 97 -10 81 -9 61 9 -1 -22 -98 70 -43 79 73 16 -28 10 13 -16 -10 -23 98 27 -50 -58 81 -3 49 -4 -28 43 69 29 69 -18 -79 79 42 38 70 82 -82 -39 52 -5 12 45 72 82 99 40 -77 -95 -21 -9 -85 -95 -19 55 15 58 -67 61 -8 48 64 86 -44 64 92 39 -38 -58 -63 72 61 
95
-29 28 39 64 93 43 -63 67 -10 73 14 -51 -89 59 -100 -21 27 68 -44 5 88 29 34 -92 -92 5 -75 -69 85 -7 -27 -22 -40 32 63 -31 28 80 -50 -90 -86 -87 -2 92 -28 63 -73 -62 89 26 32 -27 -4 -47 -53 -69 83 93 -70 89 -22 76 32 -59 88 69 94 -32 93 16 -1 16 -7 22 -90 20 -71 77 -53 -14 89 83 56 -87 98 -2 35 -70 55 -18 78 28 55 16 43 
72
62 -92 5 61 13 24 85 -31 9 -34 -66 -61 85 30 -98 77 62 41 -94 17 13 41 -31 87 -73 -14 81 -73 77 78 -72 -10 5 27 82 -82 54 31 -43 21 -89 -6 37 -9 -29 72 13 6 2 -90 25 -89 88 -3 -8 -80 6 -70 -58 78 8 -72 -85 -5 81 60 -88 -23 86 59 -21 81 
33
-97 17 -29 24 77 -83 57 28 52 89 -30 -1 -87 25 38 91 47 26 -32 -2 -72 -11 86 -53 5 -74 -36 35 66 56 -79 -84 50 
5
8 -2 67 65 20 
90
62 -5 45 38 89 30 -35 -15 45 10 49 53 35 -79 -28 -81 -8 40 37 -15 -65 45 85 56 -30 -77 -30 22 7 51 -55 34 45 -24 93 -61 -10 87 -86 86 63 -9 48 11 -70 -67 83 -99 58 2 18 -41 -70 -7 -8 -96 57 73 -19 -13 -21 15 82 -81 75 61 -2 84 -76 -76 -91 35 26 59 -22 -76 20 47 -14 7 39 15 -55 35 62 82 -72 -21 -30 -13 
57
-22 -93 26 74 -40 -36 72 98 13 82 -76 36 3 -38 8 -68 -92 50 87 23 11 93 -36 -48 33 -75 -60 -31 65 57 61 -75 -62 97 32 24 87 -84 -60 -47 -20 85 -66 -14 -41 -51 -34 82 33 17 76 -33 -28 -33 -80 -83 6 

