100
92
45 -60 59 -27 -86 27 -26 -1 66 -91 62 -43 -35 46 -75 47 94 67 33 27 66 -9 49 26 64 94 8 37 98 -98 78 80 -21 12 -22 -10 -63 42 80 51 -4 -10 -36 51 -60 -44 -27 -1 76 -11 -10 93 25 42 11 -56 55 -32 39 -54 90 75 73 -23 31 -51 18 19 -44 -65 47 62 46 -60 29 65 -31 -46 61 -86 -39 29 -57 -29 -62 -23 -5 -47 -13 76 -54 -15 
45
52 15 -100 -20 -39 38 -41 -67 -41 -60 -3 -39 39 24 -71 -4 60 48 64 -70 82 -62 -97 -78 -28 -2 52 -20 -4 -4 -68 29 -24 -3 -40 -75 -20 -22 -84 62 83 15 -25 -48 -12 
11
51 23 82 84 85 31 88 -43 -26 48 47 
97
-28 13 35 18 22 25 -83 2 -79 -79 -77 44 -10 84 -55 89 13 63 -97 -85 -39 50 -84 -94 67 77 -98 -65 -23 70 -20 52 90 -72 67 -66 94 40 -54 -95 -58 6 18 77 -47 29 14 68 -74 32 -63 31 35 -61 -28 72 3 -72 50 -78 61 49 -73 78 94 -78 -74 -36 -42 -55 32 98 -96 8 90 -47 -25 58 -20 -96 18 45 89 -91 -80 -24 77 -9 57 -89 36 90 5 -5 89 -89 7 
13
91 38 53 14 88 -76 -20 26 -39 48 71 23 66 
20
-67 17 61 -18 -46 20 -11 33 95 -52 -42 -12 -47 69 -50 -2 -92 46 66 -99 
49
-98 -85 -65 97 -59 -42 -22 61 -10 17 96 39 86 67 -39 71 47 25 30 13 23 84 92 20 -27 -78 15 21 -53 12 75 15 -38 -57 -85 28 -26 -39 -78 19 -79 -85 18 72 68 -81 85 -30 84 
85
36 73 -11 41 -36 89 -92 57 -22 -32 18 -66 51 34 -98 -89 55 39 -78 49 98 -61 -85 38 -48 -5 59 71 50 -93 -52 -71 -99 -87 93 2 1 5 92 55 78 -73 30 -12 -71 56 93 3 56 -71 99 68 36 48 -94 7 -48 -23 -43 -91 53 30 -40 60 9 56 -58 74 33 -97 -56 7 15 -91 49 -58 -46 -28 83 -87 -87 79 98 -65 27 
42
-19 49 -2 43 -3 14 -74 -9 -28 -12 -19 -52 54 76 58 27 -57 -80 -17 71 88 -91 -17 -24 -16 75 -22 -49 -6 -43 96 -41 72 76 -81 75 -1 -89 30 -66 -87 -63 
97
69 96 -21 28 -73 44 -33 57 68 65 51 94 29 -85 0 -58 34 36 48 -80 -7 -18 -18 50 85 2 -80 87 -59 -79 39 33 71 -34 -48 40 98 -25 -42 -79 2 -18 86 -33 -51 62 16 -78 14 68 -42 -19 62 -27 -76 8 -95 -39 -90 -39 -93 82 40 39 -87 -21 -56 82 83 -50 -89 40 -55 99 -70 -87 64 -70 -12 34 36 -47 -26 55 69 -52 -3 54 -100 26 -91 -41 46 82 -95 95 37 
67
-27 -98 -76 -27 -7 -8 -3 76 46 -97 -16 -16 13 -70 -11 21 49 46 59 -91 -21 94 -52 -9 -89 -61 -65 87 70 -78 31 29 -40 75 1 -45 1 -39 62 32 -62 64 50 -33 77 -48 -69 73 -62 -91 -44 95 14 -68 74 71 49 78 -56 89 -93 54 19 57 -70 -40 -88 
94
-90 63 -16 -12 -23 -25 28 -34 51 99 -13 48 -86 71 -70 12 -22 -50 -37 37 -63 67 -17 -51 -51 -15 32 -98 95 -2 69 -94 78 -77 -9 43 17 -39 -53 -23 -1 -39 -97 30 95 43 81 29 39 41 -61 -41 -14 -36 -15 46 -61 95 16 56 -62 -92 23 49 -18 17 -14 96 -87 1 34 8 18 55 90 -47 16 -8 63 -88 -1 -67 76 -75 4 35 -22 -23 -75 -1 -76 -91 -49 -52 
50
-58 96 55 -58 -59 68 59 -1 50 -44 -48 41 20 64 5 -52 -71 -71 28 -46 20 99 24 -97 81 46 77 74 -5 60 -90 -22 38 -58 -12 -58 -81 87 -62 9 -34 -2 36 80 -16 86 -68 80 8 72 
12
-94 -23 -77 -48 77 -33 -90 -37 4 -72 68 71 
7
-46 81 18 -5 -59 -100 -71 
27
-49 -1 53 -100 85 49 35 -13 70 9 37 78 -68 -4 -89 -61 -43 73 -42 98 10 -89 -84 3 1 64 -29 
9
-76 78 25 -43 22 -90 8 -13 -11 
88
-7 -45 92 -99 44 85 -33 14 29 61 -72 10 -3 22 -50 -9 74 41 -33 -57 90 -65 -10 64 78 31 -27 -32 79 -48 -74 46 51 74 65 7 21 67 15 15 28 -8 -94 41 -31 19 -98 86 95 5 -52 -46 -84 -18 -25 96 -62 -75 -86 62 96 86 -82 72 -97 39 98 -72 -99 -25 76 -77 -26 75 -98 -75 91 85 -99 -74 91 -67 8 7 -32 -73 74 -48 
15
51 -24 -28 74 -82 -11 86 63 -19 45 -62 -51 74 19 -33 
14
24 36 29 -37 -35 -64 -29 30 -96 17 -23 82 -95 -8 
20
67 94 -43 -52 -18 75 -94 -46 83 53 11 17 -51 23 33 -98 -57 -44 -20 30 
77
81 -10 -6 -50 -27 -50 88 -11 -30 52 0 74 60 -81 -66 -47 -17 31 46 -81 -65 -45 30 -13 2 65 97 -13 11 39 39 -87 -99 66 -34 -2 67 -91 17 -64 -90 -57 -13 41 -92 56 -59 -75 -86 57 44 55 47 -36 47 -84 -21 -13 -84 91 4 -4 -92 -4 78 23 -94 95 55 40 60 -99 -12 -50 78 48 -39 
61
-10 13 -84 -79 -14 12 -76 29 38 -26 -45 -78 -34 38 -91 42 -19 -4 -46 -26 93 85 94 -44 -39 -11 54 -11 -32 76 -14 24 68 47 -68 -67 -15 38 89 -1 -6 84 -18 -49 -27 5 -94 63 -63 -85 -60 66 33 -3 -72 -92 -8 81 -64 94 15 
50
37 -18 -61 -28 11 74 98 78 54 -24 6 66 25 76 86 -6 5 70 -78 73 82 -97 -79 -73 -30 -74 -3 12 -39 31 21 31 -64 82 -27 36 65 -38 96 -93 33 -97 -52 -100 -20 65 -17 71 48 -70 
9
2 56 19 -68 47 -55 -54 95 -46 
28
-78 -53 84 77 -80 -58 44 59 99 64 -94 29 53 26 54 2 36 -45 -6 71 -3 85 90 -64 30 -15 11 -71 
61
-88 -86 85 47 -86 88 22 23 37 95 92 12 -67 17 -77 18 -17 -8 4 92 34 27 -90 -13 -46 -90 -25 -99 75 -3 71 4 96 -15 63 59 3 -74 -33 -93 -54 74 4 -72 -63 78 -19 99 -80 -94 -70 61 9 64 -84 10 74 36 -23 -85 31 
96
37 66 72 -18 62 78 -100 2 -2 -25 31 -30 37 45 -76 52 -48 67 69 77 -67 -78 -59 -43 49 39 -14 44 -17 -2 -16 -2 -16 -71 -88 8 -74 -30 71 4 -42 -45 1 -4 1 -50 25 23 -2 48 4 -30 19 22 91 44 3 72 -31 21 -31 90 -79 -70 -79 47 31 -33 19 -93 -39 -65 -83 44 73 90 -50 -60 29 1 75 42 26 3 -53 -72 -48 -39 33 -3 -12 -89 -80 -94 -38 -78 
99
6 -59 8 61 -37 98 -96 2 -69 -37 -8 30 -9 83 -40 80 -21 -77 -72 1 -43 -46 -23 -26 -84 -47 85 51 9 71 -20 -98 -79 -26 -81 51 -81 87 97 -43 -29 88 56 -55 -61 -50 -50 -37 -8 -58 -53 -19 14 58 -49 -94 -80 -12 44 -80 -73 91 76 -85 -12 -92 -44 -83 -27 -66 79 -35 9 -30 -97 -51 52 21 31 25 -21 -27 27 -19 -18 -58 -82 49 42 -3 -36 -3 -27 88 55 88 -82 -23 -52 
50
6 -92 27 -9 93 -18 69 -63 57 84 39 -36 -35 -81 -26 6 23 5 -58 50 -52 -34 -86 -93 13 -93 -62 -69 -47 -67 -14 58 83 6 9 36 -64 -15 -79 52 21 99 -91 27 45 38 -3 -46 -54 -35 
39
29 43 -39 -51 8 71 -22 51 94 -90 -44 25 -70 94 52 -80 75 81 71 91 15 -77 -32 21 -15 -85 1 -85 84 80 -64 -98 -19 -6 30 38 -96 -32 59 
91
46 -80 -15 -2 -92 58 91 -62 50 27 -10 -98 66 24 -12 -64 16 -39 42 39 63 15 74 31 -87 -48 39 -78 -55 82 70 -59 98 6 -81 11 91 4 80 -3 7 -78 -60 -75 -26 45 -9 36 86 56 82 -93 -51 -74 34 -11 -93 -98 -95 64 -18 -63 -53 -9 60 -92 95 -82 65 -69 -71 76 -32 -94 -7 31 -72 -88 14 -2 -97 71 2 -62 12 -63 -63 -80 -28 -42 -77 
51
-11 56 -10 69 25 62 -14 45 -2 34 50 -65 16 83 -63 53 79 -39 66 -82 -52 99 -4 37 -54 46 -35 14 -14 14 12 57 15 -99 -21 -53 -14 48 -82 -81 -86 99 -38 -85 50 -46 -63 -30 -4 -38 91 
21
76 27 5 26 -61 -88 86 51 -95 39 59 -59 84 56 -68 33 -41 92 -93 75 10 
71
-5 -7 41 -88 93 -10 -69 56 56 41 -37 -25 50 -35 6 -24 -12 -39 -45 -27 59 58 65 93 17 70 -3 -34 83 -46 -53 26 2 94 -50 -74 -8 0 -57 82 -27 81 -40 -20 44 62 29 96 76 -27 38 84 -54 -45 89 95 -17 80 -48 42 81 -54 39 33 67 15 -37 89 -20 70 37 
40
-89 -52 -89 21 33 -96 -69 33 79 60 39 14 -46 78 -32 -65 -92 -41 -59 71 -13 7 35 -61 -59 -3 -15 66 -31 -36 27 -30 75 66 3 15 -85 93 -69 93 
75
73 76 -56 87 -70 -5 10 -62 14 -52 -85 -100 39 9 68 -49 37 -16 17 -90 -11 -94 16 47 10 38 89 -58 -43 94 -23 67 0 -59 -19 -72 97 -22 18 -28 45 -57 59 29 0 -26 -5 39 -7 -71 -77 45 -2 33 38 -44 57 7 36 -99 36 -75 26 -16 -10 -98 -17 -79 -81 -21 -27 -10 59 99 -37 
99
-80 -55 -81 62 79 -73 -33 -83 -72 22 -77 31 -83 -20 0 95 -20 -19 99 -28 -100 96 -99 97 92 34 -44 4 -86 -99 92 43 -95 -49 48 14 39 72 -67 -30 -65 40 -2 -73 7 16 33 -6 -96 -59 43 22 95 30 62 -58 -33 -51 -63 43 26 85 -19 87 -3 76 -32 11 89 -94 8 99 -19 -87 -34 74 -48 3 -12 -76 89 61 11 37 15 -16 -93 -99 58 93 36 4 -39 24 94 16 72 40 3 
75
-100 44 43 -30 60 -60 68 36 -95 -38 95 69 -21 84 -64 -93 70 -17 19 -25 51 -78 -15 -27 66 45 20 -99 1 -36 -71 26 -41 -63 22 31 -66 -60 -54 34 -69 65 76 14 34 79 -59 -85 -23 -49 -82 74 23 44 -84 -28 -27 80 75 10 -82 85 7 0 -59 15 65 -1 -9 73 -68 -2 77 -45 -14 
67
-98 -46 39 99 39 48 -16 37 -47 85 -62 -62 20 81 -20 56 92 45 56 25 -60 82 -19 5 67 -94 -56 -7 48 45 48 -13 20 30 99 -98 -57 93 29 -96 -61 -82 91 53 9 72 38 -54 2 79 81 -10 74 -67 13 -45 76 68 -41 -84 98 94 -18 -78 -66 -63 34 
42
-13 45 73 -11 95 44 -5 13 3 4 56 -64 27 15 -53 42 -80 -53 -55 -40 36 -5 -73 89 -42 -69 68 -83 -76 28 -97 55 -78 25 88 67 42 81 -20 -73 67 -66 
96
-95 1 -97 -58 31 -41 13 -86 -44 29 83 -32 -18 -79 61 -31 -29 99 97 -50 -60 -61 -32 87 56 -64 92 80 -36 63 -78 53 7 9 23 34 -55 -6 48 19 -70 47 -74 67 9 -36 57 -67 45 -100 57 -77 71 -68 60 -69 51 83 -67 43 34 -39 -95 43 -21 -78 -34 85 -63 18 -81 -89 -55 -27 61 89 89 10 62 -26 89 3 -75 3 -85 36 19 69 44 -18 -13 -63 -37 12 59 4 
75
94 -42 -76 72 -65 52 53 -13 6 -95 25 3 22 95 -27 -57 14 88 89 85 62 -94 26 57 -26 -12 36 -15 -9 -87 14 -12 -80 -5 39 68 1 -33 57 89 -81 -69 35 96 -43 -60 -84 -26 -16 50 -48 -85 72 -86 67 32 72 17 -44 60 50 14 -36 -80 -77 -8 -79 1 -97 39 86 82 91 60 71 
27
-79 25 -10 -89 -72 -33 -24 -79 -48 38 -51 -42 27 -49 -65 -52 38 12 -39 67 -40 25 -33 -50 77 -57 18 
22
-86 -57 -50 83 -23 -89 -92 52 61 -47 1 70 -27 -29 -94 -83 96 13 17 98 -33 98 
56
30 -6 -5 -46 -43 13 73 -62 -94 -82 9 -46 55 -78 86 59 -81 32 -83 63 83 96 90 15 29 50 74 53 -53 63 31 -63 -82 1 -87 46 7 -57 93 -51 -29 41 -13 36 27 -100 -33 24 -42 -82 15 -26 -15 -46 76 -18 
73
55 -97 18 68 -40 -50 -41 81 -8 7 60 -92 19 19 -85 -18 11 -80 -77 -89 73 -37 8 84 55 74 -39 -14 9 -83 47 -19 25 63 -67 -80 -79 -56 88 -61 14 31 -89 97 -22 -47 -58 61 -64 -98 66 -46 40 48 -56 60 33 -8 -84 68 41 -51 -97 90 38 -40 87 -22 -43 -72 18 -54 31 
24
-98 -64 76 0 -79 -97 9 -64 -69 72 -27 -68 22 -88 -38 80 -73 -6 77 92 -66 -100 42 96 
63
-11 58 43 5 62 -18 -91 -46 -81 58 -16 -61 19 7 39 -85 1 28 -100 16 93 -14 41 38 -19 93 68 -48 39 -23 18 79 24 -18 -8 -97 -92 52 -44 -29 -36 -37 -95 38 -90 68 -75 66 72 70 -14 -5 99 77 -55 83 -65 -69 25 13 49 -16 -83 
8
-41 -34 -56 -77 97 87 -27 50 
5
36 -10 -42 -18 21 
47
71 -88 66 85 10 -20 -29 -40 -63 -1 -84 -56 57 93 -43 4 38 -79 -23 -49 -74 90 -46 -55 -16 36 -80 77 72 -97 80 72 19 -93 57 32 -69 87 81 -99 -1 16 83 -55 -40 -91 93 
69
-50 57 -8 68 -6 89 3 53 34 79 75 20 -42 53 16 -13 97 -21 -44 -72 3 -32 -59 11 96 -22 99 80 96 -25 28 73 -77 2 54 52 -52 46 -44 89 52 32 40 -12 -13 -76 51 10 -14 -17 -32 -26 13 -99 47 83 34 -65 -80 62 -22 79 5 86 61 -45 -5 -79 33 
43
81 -58 -59 -25 -15 55 18 -36 -68 22 -73 -25 -32 -2 -52 -43 14 -63 -18 -58 -46 92 61 -98 -57 -31 -36 19 -10 -85 18 -19 87 -56 65 -72 55 -5 78 -78 -57 -5 38 
42
75 -46 25 -55 -74 -7 -83 79 -43 -78 81 36 57 -34 -81 58 -10 -53 52 40 -40 -31 -93 18 7 -64 -33 69 -68 -93 -68 57 55 63 82 6 92 -22 -80 63 -67 99 
15
-81 -27 -98 18 -5 -21 -82 28 35 13 24 -39 -84 -2 -93 
28
-28 89 -3 1 -90 -38 -77 75 70 -27 -96 -80 -39 77 23 19 -30 0 33 -99 4 -88 86 -21 46 -7 -45 33 
83
-77 94 8 58 -93 40 33 -17 -27 9 99 18 16 67 -31 25 -47 -82 -78 93 55 81 -99 46 -59 34 11 72 24 -83 -74 -13 67 44 -47 28 -17 -51 19 14 -8 77 94 29 -76 89 69 92 70 -72 67 27 -32 72 -50 56 -46 -54 -2 8 -39 76 -26 -75 -48 -59 -22 79 26 -94 -83 -68 -63 -92 -11 -92 -52 36 0 -80 95 -81 35 
35
15 -88 -17 28 -58 36 -27 -2 29 -4 -24 -50 54 33 52 -100 74 30 6 -35 -39 60 -26 49 -27 -94 -28 65 -57 95 14 84 -92 40 55 
65
60 95 40 98 -40 31 -52 20 -34 -33 -46 -98 -9 20 71 34 -5 82 -59 37 -41 27 1 80 17 6 4 -42 -70 -19 -5 28 -53 -47 43 -54 50 -81 -71 70 -63 -28 98 -17 76 54 92 16 -85 16 -20 89 61 -81 96 -22 85 38 -84 -44 65 3 -3 -11 69 
10
-75 3 -23 -66 -50 67 48 32 -5 98 
5
-74 10 -27 11 -20 
38
-2 -7 22 -4 -79 71 3 18 -86 -80 88 -85 58 -24 29 -96 -10 58 -50 -28 95 54 50 78 34 -91 -84 -15 95 9 9 13 65 19 2 55 87 66 
39
-71 42 82 49 -19 8 13 -87 87 -94 -32 42 4 2 -47 -32 35 67 45 17 -18 8 81 -74 -14 -66 87 -21 72 -21 39 -59 -58 75 70 -95 -46 39 75 
72
-89 50 41 -79 -18 22 -72 -100 91 34 9 -69 79 50 -33 -60 11 -92 -50 -55 -50 80 81 -78 3 -61 10 54 -52 91 -12 33 20 35 24 -36 -95 19 0 25 83 6 -74 -100 -50 88 65 -48 79 -28 3 7 50 41 40 -34 66 -71 4 99 42 70 24 89 32 99 6 -45 59 45 -53 25 
36
76 6 -48 63 -58 -33 98 39 -80 77 23 -81 -1 13 23 -2 32 6 92 -85 -12 -66 79 -28 -16 36 -50 -27 -87 82 -37 19 29 81 47 31 
45
-4 93 -3 -53 39 10 14 -88 52 -48 -60 51 -2 44 -50 -42 61 -88 48 -23 77 63 82 -29 34 23 82 -71 -78 43 -79 -30 -58 -7 -62 -79 2 -34 -77 -61 -31 91 95 -55 69 
25
69 96 -33 97 -26 -18 93 -55 86 -52 -93 28 28 -4 46 55 69 70 0 -53 -78 -59 -1 -57 84 
48
30 82 -65 -89 -46 -63 -3 6 -42 -24 -10 44 14 6 -18 39 -55 97 -47 14 -14 -23 35 -16 72 92 -56 10 1 -67 -38 69 -3 -41 60 -45 31 6 57 -12 -16 67 -17 78 -18 48 -24 46 
19
18 95 -100 44 -60 92 98 48 -57 4 62 -28 93 -10 8 92 32 73 96 
23
-74 26 -18 -30 -23 33 -13 99 -35 72 -64 -97 24 39 23 -86 69 -57 -85 -59 -13 -2 7 
36
28 46 35 -58 16 0 -72 84 74 64 -97 -90 -22 -64 -49 62 -44 77 15 6 -24 -66 64 14 -40 -80 -60 -49 -15 65 70 73 70 92 68 -77 
53
35 57 92 -88 67 3 -48 -70 -13 14 -9 13 10 -61 22 66 -18 15 -93 8 -70 28 -48 -39 -52 37 82 63 79 22 -52 -69 -98 27 98 51 -77 -69 96 45 85 56 94 -97 23 19 -23 -77 -21 -20 20 99 -94 
13
95 84 63 -100 -34 -59 57 28 85 -14 -62 18 37 
63
-61 -94 -73 -47 -65 -46 -94 -84 -27 97 48 -87 90 7 90 46 -73 -83 -95 15 -47 53 -81 -1 96 63 10 -14 57 31 41 43 82 -18 -61 -26 -81 44 74 -9 24 -24 -50 -79 47 94 39 -38 -66 -97 43 -19 -28 53 -30 -22 71 37 1 50 -38 15 29 
84
64 -71 91 -33 82 -89 37 -61 11 46 -19 78 -43 -35 2 64 71 48 -31 -17 -27 3 83 -66 2 65 27 -37 -10 42 -19 -37 26 -63 -14 -77 -9 18 -20 -65 -51 56 -64 70 96 24 -98 -65 -96 98 -18 -37 0 -91 27 -43 -55 -41 13 47 -32 85 -51 8 13 -58 60 -88 -24 -56 37 -75 -4 -60 31 87 60 29 -71 52 96 76 90 -21 
5
-39 -84 -97 85 31 
35
71 -96 90 93 98 52 97 92 -71 52 48 0 49 14 -57 -98 -84 -52 -94 95 69 90 -26 95 -38 12 -91 64 59 -47 -5 99 85 -90 52 
49
-66 8 -22 -40 -92 -32 -93 57 -6 -83 23 -42 19 18 34 85 -46 -22 -22 -56 49 42 22 16 -67 60 36 -96 71 -42 59 -88 -37 -61 -4 -93 -8 -96 79 58 43 74 89 40 41 -50 44 33 10 
70
35 55 61 49 39 31 -3 -56 77 -33 93 -58 -20 3 -73 -65 20 52 43 -96 27 -55 99 45 91 -52 -2 50 -15 -39 -55 39 70 49 -67 52 70 6 -88 -46 -49 99 64 7 69 71 -17 -79 -73 -15 93 39 80 76 -64 73 -68 -27 85 -45 -62 -34 1 -36 -30 80 -76 -57 -84 21 
15
40 -95 -6 72 67 54 -19 36 85 60 12 19 66 -74 -12 
20
-10 -65 79 0 65 -80 -65 68 75 -12 -88 -85 15 -54 86 21 -20 67 -33 90 
76
83 -85 -77 76 -22 86 38 -61 61 -4 10 -54 86 -73 -35 -43 -57 -37 -28 -46 85 -51 -66 -53 -37 12 42 -14 74 9 -100 3 23 -23 10 22 -33 -8 -91 5 -51 -14 -29 38 -82 50 -41 -49 -2 35 -41 -4 -73 46 -26 84 -41 -76 90 -39 -70 -67 34 -51 -14 -15 -61 84 -6 33 34 -54 8 28 -31 -74 
41
-19 -66 -100 13 -96 -46 -62 37 -71 -55 60 -89 57 -61 -62 70 -83 55 65 99 56 89 -83 -97 6 29 23 -77 -34 72 2 -20 -34 73 9 -45 12 63 -14 -23 70 
18
-88 78 32 -52 59 31 29 -39 -89 94 -88 40 -27 26 0 -61 -89 40 
18
60 35 36 25 94 -62 55 -40 52 22 27 -74 -27 91 -33 -1 -18 -98 
63
-50 90 -47 29 27 -89 72 42 -70 -32 -87 15 7 -20 -43 4 -39 28 94 -78 64 12 -10 -88 49 67 -45 -3 12 52 0 -20 -86 66 -28 74 -73 93 44 96 -46 -47 34 -13 81 -96 -5 7 34 95 35 60 14 39 -90 34 -42 66 -37 -41 -7 -29 14 
58
-98 38 -52 61 71 -98 72 -59 -57 63 -49 44 1 81 6 -57 -36 -13 -81 -14 65 -95 10 -4 -52 79 -39 7 -12 -10 62 72 62 73 -57 43 -95 95 -99 -46 55 10 -60 60 1 -74 21 -92 76 -8 55 89 -51 19 87 9 -20 40 
50
-5 45 -44 83 51 -89 74 85 52 -87 -13 -71 87 -60 -78 32 45 -31 34 8 -10 8 77 -70 1 94 31 -94 -64 -41 -43 44 9 -14 62 -3 -71 40 -58 -51 -63 -22 -70 47 -92 -85 13 11 33 -33 
38
-39 -37 -95 82 -44 -34 -62 -96 52 -53 62 6 56 -77 -42 86 63 64 -32 86 -55 1 78 -96 40 -23 85 88 89 59 -81 -27 77 56 45 -96 49 65 
77
-83 76 -89 -89 -30 -10 -64 35 43 -94 17 -77 -13 71 79 -34 97 -68 52 -26 15 50 43 -63 -38 -43 10 74 -25 77 58 -87 -83 19 -95 65 -57 12 -11 -39 -3 -9 -47 14 -28 7 16 -41 -100 -5 -11 -99 -37 26 21 90 14 2 -80 -51 -82 -47 29 94 5 90 97 66 -25 -72 -43 -25 -95 32 3 -25 -96 
82
74 6 -95 60 -73 -92 69 20 76 -76 -19 -8 -76 98 14 -35 19 -24 -75 57 -91 49 -48 -66 -71 -13 82 -88 -39 93 -21 71 -70 -77 72 38 -62 16 91 81 -72 -36 -85 23 -84 -93 -57 85 69 -30 -51 91 76 10 -62 57 -54 0 -13 -47 -34 3 -69 74 13 -50 -45 47 -61 90 -9 90 98 -20 -30 68 -51 -68 92 -63 -40 50 
78
-19 -85 -83 15 64 -10 62 -76 -23 22 30 0 -52 -20 31 -23 -79 -37 33 90 -30 -52 -44 42 -51 99 12 -88 66 -68 -77 -6 -24 -43 -32 36 -40 82 -2 -49 -29 9 58 47 10 -61 -87 -93 -43 37 -29 -92 80 -90 20 61 77 38 -14 27 93 -37 -17 18 69 20 53 -92 -92 69 51 19 -13 -53 -27 39 -74 -99 
53
-94 -62 65 87 58 95 41 84 -39 -64 63 40 -96 -92 49 -34 -81 -37 67 -24 -19 -24 61 71 59 -87 -80 -18 -45 31 -74 56 -85 31 -80 26 -100 -5 68 -44 -97 25 -42 -77 44 -9 -95 5 94 -75 -59 -71 96 
74
-65 -37 -79 -81 -88 14 65 -82 41 -3 78 -80 26 88 34 17 48 5 14 -71 -58 -65 1 90 75 -57 -88 66 -97 13 -39 -24 -18 57 -54 84 17 -54 -50 -43 76 37 -33 -19 -99 -46 61 -33 -23 42 -21 43 45 -7 -80 -22 19 -92 -55 59 13 -12 89 -6 48 20 72 11 19 -50 32 -13 -33 -89 
80
81 -36 -92 83 -6 -39 -9 46 -58 38 72 80 11 64 27 87 52 68 -57 -54 58 67 78 -33 23 80 -37 70 -77 43 80 -43 33 22 2 60 -23 -72 9 -38 -45 -78 92 51 -49 -72 97 3 77 29 -16 5 21 14 -85 -8 62 -66 90 -59 60 10 -13 94 -80 -73 -28 -45 63 50 15 41 -12 25 -79 80 30 11 47 -32 
5
-56 29 -64 -99 -22 
97
67 49 -13 66 -51 94 -68 -55 53 1 -68 58 82 81 -58 9 -22 -18 -88 48 -36 74 15 37 -80 46 91 -74 -60 -11 59 -65 37 63 6 87 18 64 53 9 -30 -1 97 39 -96 -82 4 -90 -16 2 43 10 93 84 -45 6 71 48 45 -32 -51 -68 -49 72 64 18 98 12 -75 86 -89 -44 22 -51 71 75 -33 41 20 -95 -80 -54 -69 -96 -32 59 57 -95 83 96 -88 96 62 10 30 34 -10 
37
96 3 77 -85 -97 -80 -89 32 43 3 -66 67 67 -53 4 -40 58 -78 87 9 -51 -16 82 -48 50 -73 31 -45 61 14 29 -74 -29 -3 53 -91 -94 
78
-92 44 7 59 -76 -48 46 -27 -75 -36 -93 75 -10 -26 -91 -54 89 -98 66 58 -51 32 -83 -73 -23 -3 -13 -22 -89 -33 22 -79 67 -18 -71 -14 -73 42 -100 -67 4 -98 -76 18 33 64 42 78 -43 39 -39 61 22 -60 -2 -85 -99 -78 3 83 10 96 -24 68 -52 -40 -20 54 -56 -13 -55 21 74 37 55 -85 -71 46 

