Sub-tropa Forte 1: 47 94 67 33 27 66 -9 49 26 64 94 8 37 98 -98 78 80 -21 12 -22 -10 -63 42 80 51 -4 -10 -36 51 -60 -44 -27 -1 76 -11 -10 93 25 42 11 -56 55 -32 39 -54 90 75 73 -23 31 -51 18 19 -44 -65 47 62 46 -60 29 65 
Sub-tropa Forte 2: 60 48 64 -70 82 
Sub-tropa Forte 3: 51 23 82 84 85 31 88 -43 -26 48 47 
Sub-tropa Forte 4: 70 -20 52 90 -72 67 -66 94 40 -54 -95 -58 6 18 77 -47 29 14 68 -74 32 -63 31 35 -61 -28 72 3 -72 50 -78 61 49 -73 78 94 
Sub-tropa Forte 5: 91 38 53 14 88 -76 -20 26 -39 48 71 23 66 
Sub-tropa Forte 6: 17 61 -18 -46 20 -11 33 95 
Sub-tropa Forte 7: 61 -10 17 96 39 86 67 -39 71 47 25 30 13 23 84 92 20 
Sub-tropa Forte 8: 93 2 1 5 92 55 78 -73 30 -12 -71 56 93 3 56 -71 99 68 36 48 
Sub-tropa Forte 9: 54 76 58 27 -57 -80 -17 71 88 -91 -17 -24 -16 75 -22 -49 -6 -43 96 -41 72 76 
Sub-tropa Forte 10: 69 96 -21 28 -73 44 -33 57 68 65 51 94 29 -85 0 -58 34 36 48 -80 -7 -18 -18 50 85 2 -80 87 -59 -79 39 33 71 -34 -48 40 98 
Sub-tropa Forte 11: 87 70 -78 31 29 -40 75 1 -45 1 -39 62 32 -62 64 50 -33 77 -48 -69 73 -62 -91 -44 95 14 -68 74 71 49 78 -56 89 -93 54 19 57 
Sub-tropa Forte 12: 30 95 43 81 29 39 41 -61 -41 -14 -36 -15 46 -61 95 16 56 -62 -92 23 49 -18 17 -14 96 -87 1 34 8 18 55 90 -47 16 -8 63 
Sub-tropa Forte 13: 96 55 -58 -59 68 59 -1 50 -44 -48 41 20 64 5 -52 -71 -71 28 -46 20 99 24 -97 81 46 77 74 -5 60 
Sub-tropa Forte 14: 68 71 
Sub-tropa Forte 15: 81 18 
Sub-tropa Forte 16: 85 49 35 -13 70 9 37 78 
Sub-tropa Forte 17: 78 25 
Sub-tropa Forte 18: 44 85 -33 14 29 61 -72 10 -3 22 -50 -9 74 41 -33 -57 90 -65 -10 64 78 31 -27 -32 79 -48 -74 46 51 74 65 7 21 67 15 15 28 -8 -94 41 -31 19 -98 86 95 5 
Sub-tropa Forte 19: 86 63 -19 45 
Sub-tropa Forte 20: 24 36 29 
Sub-tropa Forte 21: 83 53 11 17 -51 23 33 
Sub-tropa Forte 22: 57 44 55 47 -36 47 -84 -21 -13 -84 91 4 -4 -92 -4 78 23 -94 95 55 40 60 
Sub-tropa Forte 23: 93 85 94 -44 -39 -11 54 -11 -32 76 -14 24 68 47 -68 -67 -15 38 89 -1 -6 84 
Sub-tropa Forte 24: 11 74 98 78 54 -24 6 66 25 76 86 -6 5 70 -78 73 82 
Sub-tropa Forte 25: 95 
Sub-tropa Forte 26: 84 77 -80 -58 44 59 99 64 -94 29 53 26 54 2 36 -45 -6 71 -3 85 90 
Sub-tropa Forte 27: 85 47 -86 88 22 23 37 95 92 12 -67 17 -77 18 -17 -8 4 92 34 27 
Sub-tropa Forte 28: 37 66 72 -18 62 78 -100 2 -2 -25 31 -30 37 45 -76 52 -48 67 69 77 
Sub-tropa Forte 29: 87 97 -43 -29 88 56 
Sub-tropa Forte 30: 27 -9 93 -18 69 -63 57 84 39 
Sub-tropa Forte 31: 8 71 -22 51 94 -90 -44 25 -70 94 52 -80 75 81 71 91 15 
Sub-tropa Forte 32: 58 91 -62 50 27 -10 -98 66 24 -12 -64 16 -39 42 39 63 15 74 31 -87 -48 39 -78 -55 82 70 -59 98 6 -81 11 91 4 80 -3 7 -78 -60 -75 -26 45 -9 36 86 56 82 
Sub-tropa Forte 33: 56 -10 69 25 62 -14 45 -2 34 50 -65 16 83 -63 53 79 -39 66 -82 -52 99 -4 37 -54 46 -35 14 -14 14 12 57 15 
Sub-tropa Forte 34: 86 51 -95 39 59 -59 84 56 -68 33 -41 92 
Sub-tropa Forte 35: 59 58 65 93 17 70 -3 -34 83 -46 -53 26 2 94 -50 -74 -8 0 -57 82 -27 81 -40 -20 44 62 29 96 76 -27 38 84 -54 -45 89 95 -17 80 -48 42 81 -54 39 33 67 15 -37 89 -20 70 37 
Sub-tropa Forte 36: 33 79 60 39 14 -46 78 
Sub-tropa Forte 37: 16 47 10 38 89 -58 -43 94 -23 67 0 -59 -19 -72 97 -22 18 -28 45 -57 59 29 0 -26 -5 39 -7 -71 -77 45 -2 33 38 -44 57 7 36 
Sub-tropa Forte 38: 43 22 95 30 62 -58 -33 -51 -63 43 26 85 -19 87 -3 76 -32 11 89 -94 8 99 -19 -87 -34 74 -48 3 -12 -76 89 61 11 37 15 -16 -93 -99 58 93 36 4 -39 24 94 16 72 40 3 
Sub-tropa Forte 39: 65 76 14 34 79 
Sub-tropa Forte 40: 39 99 39 48 -16 37 -47 85 -62 -62 20 81 -20 56 92 45 56 25 -60 82 -19 5 67 -94 -56 -7 48 45 48 -13 20 30 99 -98 -57 93 29 -96 -61 -82 91 53 9 72 38 -54 2 79 81 -10 74 -67 13 -45 76 68 -41 -84 98 94 
Sub-tropa Forte 41: 45 73 -11 95 44 -5 13 3 4 56 
Sub-tropa Forte 42: 61 89 89 10 62 -26 89 3 -75 3 -85 36 19 69 44 
Sub-tropa Forte 43: 39 86 82 91 60 71 
Sub-tropa Forte 44: 38 12 -39 67 
Sub-tropa Forte 45: 96 13 17 98 -33 98 
Sub-tropa Forte 46: 86 59 -81 32 -83 63 83 96 90 15 29 50 74 53 -53 63 31 
Sub-tropa Forte 47: 73 -37 8 84 55 74 
Sub-tropa Forte 48: 80 -73 -6 77 92 
Sub-tropa Forte 49: 16 93 -14 41 38 -19 93 68 -48 39 -23 18 79 24 
Sub-tropa Forte 50: 97 87 -27 50 
Sub-tropa Forte 51: 36 
Sub-tropa Forte 52: 77 72 -97 80 72 19 -93 57 32 -69 87 81 
Sub-tropa Forte 53: 57 -8 68 -6 89 3 53 34 79 75 20 -42 53 16 -13 97 -21 -44 -72 3 -32 -59 11 96 -22 99 80 96 -25 28 73 -77 2 54 52 -52 46 -44 89 52 32 40 -12 -13 -76 51 10 -14 -17 -32 -26 13 -99 47 83 34 -65 -80 62 -22 79 5 86 61 
Sub-tropa Forte 54: 92 61 
Sub-tropa Forte 55: 57 55 63 82 6 92 
Sub-tropa Forte 56: 28 35 13 24 
Sub-tropa Forte 57: 75 70 
Sub-tropa Forte 58: 94 8 58 -93 40 33 -17 -27 9 99 18 16 67 -31 25 -47 -82 -78 93 55 81 -99 46 -59 34 11 72 24 -83 -74 -13 67 44 -47 28 -17 -51 19 14 -8 77 94 29 -76 89 69 92 70 -72 67 27 -32 72 -50 56 
Sub-tropa Forte 59: 54 33 52 -100 74 30 6 -35 -39 60 -26 49 -27 -94 -28 65 -57 95 14 84 -92 40 55 
Sub-tropa Forte 60: 98 -17 76 54 92 16 -85 16 -20 89 61 -81 96 -22 85 38 
Sub-tropa Forte 61: 67 48 32 -5 98 
Sub-tropa Forte 62: 11 
Sub-tropa Forte 63: 95 54 50 78 34 -91 -84 -15 95 9 9 13 65 19 2 55 87 66 
Sub-tropa Forte 64: 42 82 49 -19 8 13 -87 87 -94 -32 42 4 2 -47 -32 35 67 45 17 -18 8 81 -74 -14 -66 87 -21 72 -21 39 -59 -58 75 70 
Sub-tropa Forte 65: 80 81 -78 3 -61 10 54 -52 91 -12 33 20 35 24 -36 -95 19 0 25 83 6 -74 -100 -50 88 65 -48 79 -28 3 7 50 41 40 -34 66 -71 4 99 42 70 24 89 32 99 6 -45 59 45 
Sub-tropa Forte 66: 82 -37 19 29 81 47 31 
Sub-tropa Forte 67: 48 -23 77 63 82 -29 34 23 82 
Sub-tropa Forte 68: 69 96 -33 97 -26 -18 93 -55 86 -52 -93 28 28 -4 46 55 69 70 
Sub-tropa Forte 69: 44 14 6 -18 39 -55 97 -47 14 -14 -23 35 -16 72 92 -56 10 1 -67 -38 69 -3 -41 60 -45 31 6 57 -12 -16 67 -17 78 -18 48 -24 46 
Sub-tropa Forte 70: 92 98 48 -57 4 62 -28 93 -10 8 92 32 73 96 
Sub-tropa Forte 71: 33 -13 99 -35 72 
Sub-tropa Forte 72: 65 70 73 70 92 68 
Sub-tropa Forte 73: 37 82 63 79 22 -52 -69 -98 27 98 51 -77 -69 96 45 85 56 94 
Sub-tropa Forte 74: 95 84 63 
Sub-tropa Forte 75: 96 63 10 -14 57 31 41 43 82 
Sub-tropa Forte 76: 31 87 60 29 -71 52 96 76 90 
Sub-tropa Forte 77: 85 31 
Sub-tropa Forte 78: 90 93 98 52 97 92 -71 52 48 0 49 14 -57 -98 -84 -52 -94 95 69 90 -26 95 -38 12 -91 64 59 -47 -5 99 85 
Sub-tropa Forte 79: 79 58 43 74 89 40 41 -50 44 33 10 
Sub-tropa Forte 80: 35 55 61 49 39 31 -3 -56 77 -33 93 -58 -20 3 -73 -65 20 52 43 -96 27 -55 99 45 91 -52 -2 50 -15 -39 -55 39 70 49 -67 52 70 6 -88 -46 -49 99 64 7 69 71 -17 -79 -73 -15 93 39 80 76 -64 73 
Sub-tropa Forte 81: 72 67 54 -19 36 85 60 12 19 66 
Sub-tropa Forte 82: 86 21 -20 67 -33 90 
Sub-tropa Forte 83: 76 -22 86 38 -61 61 -4 10 -54 86 
Sub-tropa Forte 84: 55 65 99 56 89 
Sub-tropa Forte 85: 78 32 -52 59 31 29 
Sub-tropa Forte 86: 60 35 36 25 94 -62 55 -40 52 22 27 
Sub-tropa Forte 87: 28 94 -78 64 12 -10 -88 49 67 -45 -3 12 52 0 -20 -86 66 -28 74 -73 93 44 96 -46 -47 34 -13 81 -96 -5 7 34 95 35 60 14 39 
Sub-tropa Forte 88: 79 -39 7 -12 -10 62 72 62 73 -57 43 -95 95 -99 -46 55 10 -60 60 1 -74 21 -92 76 -8 55 89 -51 19 87 9 -20 40 
Sub-tropa Forte 89: 45 -44 83 51 -89 74 85 52 
Sub-tropa Forte 90: 62 6 56 -77 -42 86 63 64 -32 86 -55 1 78 -96 40 -23 85 88 89 59 -81 -27 77 56 45 -96 49 65 
Sub-tropa Forte 91: 29 94 5 90 97 66 
Sub-tropa Forte 92: 85 69 -30 -51 91 76 10 -62 57 -54 0 -13 -47 -34 3 -69 74 13 -50 -45 47 -61 90 -9 90 98 -20 -30 68 
Sub-tropa Forte 93: 20 61 77 38 -14 27 93 -37 -17 18 69 20 53 
Sub-tropa Forte 94: 65 87 58 95 41 84 
Sub-tropa Forte 95: 59 13 -12 89 -6 48 20 72 11 19 
Sub-tropa Forte 96: 83 -6 -39 -9 46 -58 38 72 80 11 64 27 87 52 68 -57 -54 58 67 78 -33 23 80 -37 70 -77 43 80 -43 33 22 2 60 -23 -72 9 -38 -45 -78 92 51 -49 -72 97 3 77 29 -16 5 21 14 -85 -8 62 -66 90 -59 60 10 -13 94 -80 -73 -28 -45 63 50 15 41 -12 25 -79 80 30 11 47 
Sub-tropa Forte 97: 29 
Sub-tropa Forte 98: 67 49 -13 66 -51 94 -68 -55 53 1 -68 58 82 81 -58 9 -22 -18 -88 48 -36 74 15 37 -80 46 91 -74 -60 -11 59 -65 37 63 6 87 18 64 53 9 -30 -1 97 39 -96 -82 4 -90 -16 2 43 10 93 84 -45 6 71 48 45 -32 -51 -68 -49 72 64 18 98 12 -75 86 -89 -44 22 -51 71 75 -33 41 20 
Sub-tropa Forte 99: 96 3 77 
Sub-tropa Forte 100: 18 33 64 42 78 -43 39 -39 61 22 
Sub-tropa Elite: 98 94 45 73 -11 95 44 -5 13 3 4 56 61 89 89 10 62 -26 89 3 -75 3 -85 36 19 69 44 39 86 82 91 60 71 38 12 -39 67 96 13 17 98 -33 98 86 59 -81 32 -83 63 83 96 90 15 29 50 74 53 -53 63 31 73 -37 8 84 55 74 80 -73 -6 77 92 16 93 -14 41 38 -19 93 68 -48 39 -23 18 79 24 97 87 -27 50 36 77 72 -97 80 72 19 -93 57 32 -69 87 81 57 -8 68 -6 89 3 53 34 79 75 20 -42 53 16 -13 97 -21 -44 -72 3 -32 -59 11 96 -22 99 80 96 -25 28 73 -77 2 54 52 -52 46 -44 89 52 32 40 -12 -13 -76 51 10 -14 -17 -32 -26 13 -99 47 83 34 -65 -80 62 -22 79 5 86 61 92 61 57 55 63 82 6 92 28 35 13 24 75 70 94 8 58 -93 40 33 -17 -27 9 99 18 16 67 -31 25 -47 -82 -78 93 55 81 -99 46 -59 34 11 72 24 -83 -74 -13 67 44 -47 28 -17 -51 19 14 -8 77 94 29 -76 89 69 92 70 -72 67 27 -32 72 -50 56 54 33 52 -100 74 30 6 -35 -39 60 -26 49 -27 -94 -28 65 -57 95 14 84 -92 40 55 98 -17 76 54 92 16 -85 16 -20 89 61 -81 96 -22 85 38 67 48 32 -5 98 11 95 54 50 78 34 -91 -84 -15 95 9 9 13 65 19 2 55 87 66 42 82 49 -19 8 13 -87 87 -94 -32 42 4 2 -47 -32 35 67 45 17 -18 8 81 -74 -14 -66 87 -21 72 -21 39 -59 -58 75 70 80 81 -78 3 -61 10 54 -52 91 -12 33 20 35 24 -36 -95 19 0 25 83 6 -74 -100 -50 88 65 -48 79 -28 3 7 50 41 40 -34 66 -71 4 99 42 70 24 89 32 99 6 -45 59 45 82 -37 19 29 81 47 31 48 -23 77 63 82 -29 34 23 82 69 96 -33 97 -26 -18 93 -55 86 -52 -93 28 28 -4 46 55 69 70 44 14 6 -18 39 -55 97 -47 14 -14 -23 35 -16 72 92 -56 10 1 -67 -38 69 -3 -41 60 -45 31 6 57 -12 -16 67 -17 78 -18 48 -24 46 92 98 48 -57 4 62 -28 93 -10 8 92 32 73 96 33 -13 99 -35 72 65 70 73 70 92 68 37 82 63 79 22 -52 -69 -98 27 98 51 -77 -69 96 45 85 56 94 95 84 63 96 63 10 -14 57 31 41 43 82 31 87 60 29 -71 52 96 76 90 85 31 90 93 98 52 97 92 -71 52 48 0 49 14 -57 -98 -84 -52 -94 95 69 90 -26 95 -38 12 -91 64 59 -47 -5 99 85 79 58 43 74 89 40 41 -50 44 33 10 35 55 61 49 39 31 -3 -56 77 -33 93 -58 -20 3 -73 -65 20 52 43 -96 27 -55 99 45 91 -52 -2 50 -15 -39 -55 39 70 49 -67 52 70 6 -88 -46 -49 99 64 7 69 71 -17 -79 -73 -15 93 39 80 76 -64 73 72 67 54 -19 36 85 60 12 19 66 86 21 -20 67 -33 90 76 -22 86 38 -61 61 -4 10 -54 86 55 65 99 56 89 78 32 -52 59 31 29 60 35 36 25 94 -62 55 -40 52 22 27 28 94 -78 64 12 -10 -88 49 67 -45 -3 12 52 0 -20 -86 66 -28 74 -73 93 44 96 -46 -47 34 -13 81 -96 -5 7 34 95 35 60 14 39 79 -39 7 -12 -10 62 72 62 73 -57 43 -95 95 -99 -46 55 10 -60 60 1 -74 21 -92 76 -8 55 89 -51 19 87 9 -20 40 45 -44 83 51 -89 74 85 52 62 6 56 -77 -42 86 63 64 -32 86 -55 1 78 -96 40 -23 85 88 89 59 -81 -27 77 56 45 -96 49 65 29 94 5 90 97 66 85 69 -30 -51 91 76 10 -62 57 -54 0 -13 -47 -34 3 -69 74 13 -50 -45 47 -61 90 -9 90 98 -20 -30 68 20 61 77 38 -14 27 93 -37 -17 18 69 20 53 65 87 58 95 41 84 59 13 -12 89 -6 48 20 72 11 19 83 -6 -39 -9 46 -58 38 72 80 11 64 27 87 52 68 -57 -54 58 67 78 -33 23 80 
