11
furnas49
20.9 10 11 12 10 17 16 7 17 20 16 12
furNas
20.9 15 19 15 16 18 17 6 11 9 18 10 7 14 11 20 7
saLtO_SanTiaGo
23.6 11 15 11 21 12 7 19 13 18 17 13 7
FuRnaS45
47.8 12 44 33 21 44 20 36 46 21 42 35 37 20
FurnaS
47.8 10 36 26 24 27 31 38 17 46 47 44
IlHa_SOLTEIra
21.2 15 9 8 6 20 18 11 9 14 7 18 19 9 8 7 8
XIngO1
27.4 11 25 17 22 27 10 26 18 27 10 22 18
iTUmBiarA31
41.1 12 24 36 17 13 32 28 30 39 37 20 13 31
EucLiDES_DA_cUnha
39.1 14 29 11 35 33 33 31 17 35 37 39 16 16 13 26
represa_de_PoRTO_PrimAVeRa11
19.9 11 12 7 17 9 6 12 7 19 13 10 6
EUClIdeS_DA_cuNha
39.1 15 34 32 39 34 30 29 12 33 19 13 15 11 15 19 19