10
iTaPARicA
33.8 14 33 13 32 16 23 21 32 24 16 21 28 13 26 18
represa_de_FuRnaS
20.9 10 13 18 18 10 16 16 19 15 20 13
fURnAS23
20.9 11 11 15 11 8 10 14 10 16 19 16 7
SeRrA_dA_MeSA19
54.4 10 30 22 42 24 27 34 33 40 27 29
represa_de_ITaPaRIca99
33.8 19 12 17 25 23 26 16 26 22 12 12 10 10 10 20 14 14 16 14 21
SOBRADinHO
34.1 10 21 20 11 19 16 14 13 25 21 18
ItAiPu
29.0 17 19 23 13 17 25 23 13 23 18 10 9 23 13 8 23 11 13
iTumBiarA
41.1 17 32 19 41 30 16 22 23 15 31 16 22 30 16 15 18 24 33
represa_de_Nova_poNtE
31.9 11 11 12 20 25 13 22 9 24 31 10 15
furnas23
20.9 11 14 16 14 7 14 13 7 7 15 20 12