14
represa_de_TucUrUI
45.5 49 20 40 29 13 36 32 21 30 14 19 26 20 23 16 15 26 34 29 27 43 17 16 43 45 35 15 26 19 19 20 30 13 16 45 29 22 18 22 35 41 32 36 22 20 18 44 27 34 24
EMBOrcaCao36
17.6 17 10 6 9 5 7 13 15 11 16 16 11 7 14 8 10 7 17
iTumbiara
41.1 19 35 15 28 30 15 12 41 27 20 16 13 19 22 17 25 28 28 23 14
represa_de_ilHa_SoLteiRa95
21.2 17 18 15 20 17 15 9 20 9 15 15 14 11 6 15 17 9 9
XINGO31
27.4 30 23 17 16 18 17 19 20 10 8 17 12 13 13 22 27 8 25 13 17 20 21 20 13 11 13 11 25 14 12 25
fOz_da_AreIa
32.6 20 32 16 25 27 24 14 20 13 27 17 27 17 14 28 22 26 10 15 22 21
represa_de_PArAItINGa66
35.1 27 10 17 25 34 35 16 11 25 35 21 35 28 12 16 22 35 25 27 31 22 15 24 23 25 10 13 19
TreS_maRiAs
21.0 45 9 16 7 21 7 7 10 14 20 9 6 8 8 12 9 14 14 14 21 7 18 7 12 11 11 19 11 9 13 13 12 9 21 7 11 15 15 16 19 13 6 6 11 14 12
PORTo_PrimaVERA4
19.9 24 13 11 11 8 19 12 7 14 11 19 19 8 9 8 15 5 11 10 13 10 18 19 10 14
SObRADInHO
34.1 17 11 25 25 24 21 28 10 21 30 11 12 19 30 28 19 24 22
eucLIdeS_dA_cUnHa16
39.1 17 14 13 37 22 30 32 25 18 14 14 18 17 39 20 13 31 30
poRTO_prImAveRA
19.9 28 13 18 8 5 14 12 14 17 7 9 8 13 7 6 18 13 7 6 12 16 6 18 8 12 13 7 11 6
represa_de_eUCLiDES_DA_CUnha
39.1 19 29 21 23 39 26 21 23 19 19 24 23 27 16 19 17 39 11 27 14
salto_sanTIaGo59
23.6 30 7 7 10 7 20 9 23 12 15 16 14 21 14 10 9 21 10 18 13 11 19 10 16 13 15 19 17 12 14 14