46
represa_de_ITumbiaRA65
41.1 14 12 23 31 24 40 23 17 22 17 29 31 31 17 14
itUMBIarA58
41.1 33 24 20 28 31 25 27 12 31 23 24 12 27 25 31 39 12 30 31 27 16 20 40 41 30 13 32 12 15 26 27 12 24 17
TREs_mARIAs37
21.0 46 11 12 14 8 15 12 15 19 12 15 16 6 20 14 6 14 20 15 11 8 11 9 15 6 16 16 7 10 11 12 8 16 6 10 9 17 13 11 10 12 19 13 16 8 6 10
represa_de_itApaRiCA
33.8 54 23 28 23 26 33 15 18 17 32 14 32 30 19 14 20 25 12 30 30 28 10 20 17 18 22 11 23 27 11 32 11 13 10 17 22 26 22 20 14 33 20 13 23 16 22 18 10 17 15 20 30 23 17 26
represa_de_itaparICa53
33.8 18 11 23 27 12 28 10 21 13 21 19 22 33 11 13 17 25 13 22
represa_de_ItUMBiaRa
41.1 14 16 24 18 35 15 17 41 14 23 41 21 29 26 39
ItaIpu20
29.0 32 10 13 19 17 26 23 22 8 11 21 8 11 22 14 11 9 12 23 23 20 15 13 18 18 23 12 15 17 13 22 10 19
nOva_pontE
31.9 41 25 18 21 18 13 21 27 13 11 21 22 29 12 16 18 15 12 31 23 28 9 24 23 9 17 14 16 22 19 14 23 21 15 22 14 14 18 19 13 17 9
represa_de_ItAPARICA
33.8 56 21 18 24 13 26 27 31 19 24 15 18 22 33 11 18 18 32 28 24 15 10 19 20 13 26 17 17 31 13 27 24 25 30 21 19 18 33 12 20 13 24 11 15 12 18 26 26 16 23 21 14 33 21 15 16 18
represa_de_PaRaITiNgA29
35.1 38 29 25 13 26 28 10 21 10 22 17 28 24 15 11 14 30 13 23 22 18 26 17 25 24 26 14 22 20 18 27 33 10 25 23 17 22 20 21
represa_de_EMBORcACao72
17.6 12 10 12 14 16 5 9 11 16 10 6 7 10
represa_de_FurnAs67
20.9 40 10 9 7 7 15 8 18 18 15 9 7 17 17 18 9 16 6 13 7 16 11 11 11 17 11 9 8 12 10 8 15 17 13 13 6 9 8 12 20 15
represa_de_PoRTo_pRiMaVeRA60
19.9 62 10 9 7 5 17 15 6 8 6 12 12 15 17 19 6 5 8 11 14 6 11 18 15 11 8 13 12 9 14 15 15 8 7 14 10 14 16 12 5 6 13 9 14 12 7 7 11 13 5 12 13 12 12 18 7 15 17 5 15 10 11 11
represa_de_SalTo_SAnTIagO
23.6 29 20 12 22 10 20 17 9 15 18 18 20 7 7 18 17 16 19 12 23 7 13 11 19 8 8 11 10 9 14
represa_de_TucUrUi70
45.5 39 29 21 15 27 20 36 13 14 45 42 38 36 29 28 26 38 35 17 13 35 32 14 20 45 26 28 16 14 24 24 35 39 28 21 31 16 28 20 35
represa_de_PARAitiNGa93
35.1 31 14 27 27 31 23 13 23 10 14 15 16 10 20 21 20 17 22 18 19 15 28 24 10 14 28 24 20 25 30 19 12
represa_de_SAlto_SanTiAGO
23.6 26 7 17 10 17 17 12 9 12 14 21 19 11 9 17 15 17 15 20 16 20 7 12 10 18 13 9
PorTO_prImavErA20
19.9 57 7 8 16 16 6 12 5 16 10 7 7 13 14 5 8 7 11 6 11 9 18 9 11 12 8 9 9 8 13 15 5 12 6 19 12 8 7 12 6 6 8 9 5 13 12 14 5 9 18 15 15 13 15 5 10 11 9
represa_de_ILha_soLteIra
21.2 42 8 10 6 14 19 7 15 16 14 13 14 7 16 19 16 15 8 16 9 20 13 11 13 7 11 16 8 8 8 20 12 12 8 15 6 16 6 12 20 11 12 8
represa_de_xINGO
27.4 55 11 19 16 15 17 14 10 20 10 9 12 12 10 19 17 16 22 26 12 23 18 27 13 11 13 19 11 11 27 12 19 13 21 14 17 15 8 15 16 15 17 16 15 16 9 25 14 16 11 21 15 13 12 14 17
fUrNaS
47.8 34 25 46 44 26 14 39 18 19 43 27 18 15 28 33 33 31 24 15 23 14 19 23 20 46 31 23 38 34 14 25 23 20 32 27
represa_de_TucuRui75
45.5 13 20 14 25 22 31 19 37 36 26 16 16 23 23
represa_de_ParaItInGA54
35.1 61 31 23 19 26 24 25 28 13 10 18 26 10 24 21 13 32 26 35 23 17 26 20 12 25 34 19 26 10 10 20 24 35 16 11 20 13 16 20 15 25 29 18 21 13 21 13 22 20 24 11 25 12 23 25 11 14 10 30 26 20 18
SERRA_Da_Mesa87
54.4 38 17 18 37 25 22 32 47 34 17 41 28 20 33 28 40 22 38 39 43 48 28 43 18 24 37 17 42 26 39 45 25 32 26 25 28 26 41 27
represa_de_sAlto_SAntIAgo
23.6 18 15 13 16 8 11 18 10 12 12 22 13 21 12 7 22 22 12 11
represa_de_ItUmbiaRa70
41.1 59 12 29 16 13 31 18 23 31 28 21 27 32 34 28 23 22 16 19 21 34 27 31 39 13 13 17 14 38 19 14 30 28 13 31 23 20 23 20 37 22 39 20 29 19 14 30 31 21 31 26 29 15 14 25 21 12 39 40 16
ItaIpu99
29.0 63 18 13 20 12 23 16 9 21 16 23 24 23 8 14 12 9 19 20 17 8 15 18 11 14 20 13 16 21 10 20 12 18 13 20 26 13 13 22 18 12 13 21 20 15 15 23 22 20 17 8 22 15 19 18 13 10 17 22 26 9 14 23 21
represa_de_FOz_DA_AReIa42
32.6 24 26 11 10 20 17 13 11 17 22 21 20 24 19 13 13 23 15 10 17 16 15 26 25 29
represa_de_TRes_mariaS
21.0 10 21 15 17 13 14 8 12 7 7 11
represa_de_TucUrui
45.5 25 25 23 13 17 22 36 16 17 21 38 27 21 33 23 19 35 42 16 38 34 25 19 32 43 40
FOz_DA_ArEia51
32.6 41 13 13 15 29 22 10 30 27 13 13 23 28 10 18 32 12 9 28 12 16 30 22 9 18 32 20 10 9 24 21 12 21 23 10 15 19 13 12 10 20 31
represa_de_iTUmbiaRA5
41.1 62 24 39 25 21 12 23 12 30 24 22 21 12 27 23 16 12 14 15 20 30 15 22 34 26 22 38 20 15 29 35 31 32 27 15 16 15 28 32 15 28 17 25 41 17 28 31 36 25 24 27 31 28 14 17 24 40 23 34 13 24 28 27
represa_de_FOZ_Da_arEia
32.6 57 26 25 23 19 28 26 13 21 17 9 27 12 10 16 20 16 18 18 13 21 10 13 22 14 18 20 19 23 22 10 24 20 15 20 17 18 9 21 20 9 18 20 24 14 23 16 11 19 21 15 24 29 22 22 19 30 14
represa_de_porTo_prImaveRA
19.9 64 14 12 8 13 9 17 16 15 10 7 6 16 15 6 17 9 6 12 6 13 6 17 6 19 11 6 5 16 12 11 6 12 11 17 7 11 10 19 6 17 15 6 8 14 11 12 7 11 8 11 12 8 8 8 18 9 11 10 7 7 7 12 6 12
fUrNAs
47.8 67 23 36 29 26 17 26 34 21 30 34 18 30 35 16 20 20 38 27 24 31 36 27 21 23 33 36 19 20 17 24 29 30 17 31 27 45 27 22 46 34 16 34 14 26 29 28 20 28 31 18 34 15 27 21 22 28 15 36 30 45 21 30 33 45 36 27 42
represa_de_EucLidES_DA_cunha27
39.1 49 17 16 27 28 24 30 26 30 37 27 14 30 11 28 25 20 33 27 19 31 23 27 21 21 21 37 14 18 22 11 17 28 14 14 30 13 31 16 11 38 13 20 20 33 18 12 34 27 25
sALto_SAntIago56
23.6 45 11 22 10 17 21 8 9 18 22 14 17 15 18 14 20 8 17 15 17 8 15 13 12 9 10 12 10 15 7 11 13 19 10 20 11 19 17 8 9 11 20 12 13 21 8
represa_de_Pedra_DO_CavalO28
27.3 59 11 25 15 21 18 25 15 27 8 17 14 20 12 15 20 16 13 8 14 10 16 14 21 10 27 15 20 20 20 9 11 20 13 21 11 18 22 20 18 14 9 8 9 10 18 12 16 25 24 21 25 22 14 21 23 17 19 21 11
itUmbIARA
41.1 46 12 22 19 38 34 26 30 29 13 15 27 23 13 12 19 27 31 18 19 16 32 21 25 27 20 38 15 25 17 31 22 16 25 26 30 16 14 23 28 14 39 41 19 12 12 25
ItuMbIaRa4
41.1 58 32 27 17 23 29 30 20 12 23 33 21 13 29 30 12 33 24 27 35 29 21 13 28 24 23 33 17 32 27 14 28 21 25 23 32 16 17 28 20 17 25 24 25 17 33 26 36 39 16 29 16 26 13 31 37 14 15 35
ItAIpU35
29.0 43 8 10 26 11 20 29 17 12 8 20 10 29 17 9 23 21 16 28 11 23 14 24 21 10 17 24 20 25 13 17 21 28 19 14 13 21 23 8 9 13 13 18 24
FUrNAs74
47.8 33 33 38 39 33 19 16 31 32 45 18 44 32 37 43 47 27 15 22 36 34 19 24 46 34 30 23 14 24 28 26 45 28 25
BALbina
17.5 41 17 11 7 12 13 5 7 16 5 13 6 7 8 5 5 7 12 10 12 8 12 10 12 15 6 5 6 11 13 11 10 6 12 8 14 16 17 13 5 11 7
represa_de_TUcuRui40
45.5 51 32 42 23 29 25 27 15 21 25 36 15 40 43 13 18 28 24 36 34 13 32 40 35 31 19 16 17 32 16 25 31 20 25 14 37 18 36 15 14 34 23 35 29 14 23 28 13 25 33 41 21
represa_de_sAltO_SantIaGo
23.6 30 15 16 20 14 17 14 14 15 9 10 10 19 15 10 9 15 10 18 7 13 12 8 12 16 21 13 10 12 19 17
TrEs_Marias
21.0 61 16 21 10 7 19 11 6 9 7 11 16 8 9 6 12 15 16 7 11 16 8 14 6 7 12 12 6 7 20 12 7 20 15 9 15 13 15 6 9 7 19 11 15 13 13 13 12 7 11 15 10 8 10 7 14 11 8 13 11 7 7