148
eMbOrcAcaO88
17.6 54 17 12 10 14 10 11 13 7 6 10 10 8 8 13 14 10 8 14 17 11 8 17 9 15 5 15 8 14 10 9 12 7 14 12 6 12 8 8 10 9 10 5 14 7 12 17 11 16 12 10 13 17 5 15
represa_de_xInGo7
27.4 90 9 13 15 21 19 15 15 11 15 8 8 17 10 21 10 18 12 17 14 9 21 26 21 26 14 16 11 10 13 8 10 14 14 19 12 23 14 9 21 12 11 17 22 21 20 12 18 20 18 18 12 9 22 10 13 17 19 9 17 22 21 26 15 25 15 25 19 27 11 15 20 20 8 26 27 15 25 18 18 10 20 18 9 25 14 15 24 14 19 8
represa_de_XiNgO39
27.4 73 21 15 12 12 16 17 16 18 17 11 15 25 21 12 21 9 19 24 11 21 12 9 15 19 11 21 12 20 19 10 12 15 16 12 17 18 20 15 12 11 15 9 20 12 22 23 18 14 13 8 17 9 9 19 16 16 20 13 21 16 8 10 26 9 20 22 23 10 14 22 8 26 13
ItUmbIara
41.1 88 21 23 14 31 28 33 21 14 25 29 24 18 20 19 17 28 27 24 38 18 39 18 25 21 35 14 30 25 27 32 35 36 21 19 28 24 22 24 32 16 29 30 23 32 29 26 26 14 36 21 23 39 13 20 24 25 41 13 26 12 17 14 20 13 39 22 38 23 28 14 28 31 37 14 23 28 27 27 28 27 36 16 31 32 25 13 14 23
represa_de_ITAPARica23
33.8 64 28 26 16 19 21 13 12 21 22 27 13 21 19 32 11 13 21 20 15 29 27 31 18 27 19 23 33 28 32 19 18 18 17 26 21 24 29 11 10 16 10 23 22 12 14 15 22 13 27 26 13 27 27 11 19 11 16 12 21 11 15 23 29 29
SAlto_saNTIAGo
23.6 97 12 7 13 12 19 15 15 10 23 7 9 12 10 8 15 17 9 11 14 19 14 8 13 17 8 22 18 8 11 7 12 16 8 13 21 22 12 20 11 11 17 15 10 14 12 7 14 13 13 17 19 9 22 10 11 18 18 17 9 22 12 16 8 21 9 16 11 17 12 10 22 9 17 16 13 11 13 11 17 17 23 11 15 13 16 8 12 13 23 9 14 15 15 17 10 11 16
fURnAS76
47.8 62 17 33 32 20 34 40 33 23 34 30 25 47 17 15 37 39 38 26 26 14 27 30 16 32 35 34 44 14 38 18 25 18 38 33 24 23 31 20 15 17 25 38 31 15 17 26 40 45 22 30 20 26 33 37 38 33 47 18 24 35 14 17
fuRnaS99
20.9 53 6 6 7 14 13 9 19 8 18 7 7 6 11 14 8 8 19 12 11 10 8 7 16 6 20 9 8 6 12 13 12 16 11 16 13 14 16 18 19 12 9 13 14 16 15 11 12 6 11 14 19 16 13
ITAPARICa
33.8 81 27 21 11 16 22 31 12 17 32 18 17 14 23 29 12 23 20 27 25 24 31 21 18 17 28 13 14 11 23 21 10 30 18 19 33 27 32 30 17 21 33 24 12 22 15 12 24 10 28 12 15 21 21 25 12 27 18 12 10 13 25 29 24 20 21 10 18 24 19 18 13 31 22 24 12 19 16 14 28 14 12
Foz_da_aREia42
32.6 51 22 27 27 14 30 15 23 17 24 20 9 26 11 16 17 17 16 12 23 24 15 17 11 31 29 10 9 26 17 12 22 15 14 20 22 20 13 14 9 12 9 21 19 11 11 17 20 18 10 13 28
paraiTInga
35.1 94 23 20 15 10 31 22 15 11 16 19 16 10 21 22 21 24 19 17 31 13 25 25 17 28 26 28 12 16 35 30 15 31 14 28 32 22 28 11 11 12 25 20 13 25 26 30 15 14 24 20 15 25 20 20 15 27 24 17 25 11 20 19 24 29 24 33 16 11 19 25 16 26 24 26 15 24 25 23 17 24 21 11 16 34 12 24 22 26 19 21 20 18 30 20
balbINa
17.5 91 16 12 7 9 6 16 7 16 10 14 13 8 8 11 11 16 7 7 13 8 8 14 10 9 11 16 13 11 9 10 8 13 9 12 14 12 11 12 5 8 14 5 5 8 7 9 8 10 10 17 13 13 12 14 14 8 13 5 7 14 13 6 14 13 8 8 10 8 10 11 7 12 10 9 5 9 10 5 6 10 8 14 5 10 12 13 10 12 10 16 11
represa_de_FOZ_dA_AReiA51
32.6 80 13 19 22 28 25 24 18 12 28 26 15 30 21 17 26 9 25 18 22 19 11 28 23 29 26 12 10 25 16 20 26 29 24 12 22 14 29 20 23 11 22 32 9 17 14 12 14 18 29 24 23 21 22 14 11 15 14 17 19 25 14 26 13 15 20 28 9 27 15 24 32 11 10 26 9 15 10 15 11 14
SErrA_dA_MEsA
54.4 57 18 28 23 48 28 40 19 40 47 16 31 23 22 23 26 46 18 46 30 42 38 21 35 34 30 28 49 21 29 30 36 31 42 31 24 29 49 22 39 31 17 29 33 31 54 39 51 20 38 26 40 38 24 32 19 37 35
XingO
27.4 94 15 24 9 22 15 17 17 25 11 10 24 23 8 25 17 15 15 11 9 20 10 17 9 10 16 24 8 18 9 15 14 20 12 16 14 25 9 14 23 10 11 18 20 11 19 21 14 12 26 20 16 12 17 8 11 25 19 19 13 25 13 15 16 11 18 13 19 24 14 12 9 19 19 24 26 15 8 17 20 9 18 12 15 24 16 14 25 9 20 12 16 24 9 20
represa_de_ilHA_soLteiRA85
21.2 93 12 9 12 11 10 11 7 8 16 9 9 21 15 11 9 17 9 19 8 10 17 9 13 15 15 7 7 10 19 12 21 15 10 10 16 13 15 8 10 20 14 12 11 6 12 13 10 14 14 14 6 21 6 8 7 12 9 11 8 14 9 17 14 16 8 14 14 16 11 20 12 6 8 17 19 9 15 6 6 7 12 12 18 21 7 15 14 6 14 8 9 9 6
FOz_DA_AreIa71
32.6 58 20 23 29 22 29 18 10 10 25 20 10 26 11 26 26 10 30 20 23 10 19 23 26 11 20 22 17 26 19 15 30 11 18 12 25 26 20 24 26 24 17 23 20 14 12 25 16 25 18 25 31 15 16 18 20 17 23 14
represa_de_EMbOrcaCAo27
17.6 83 16 9 15 10 14 13 12 12 17 9 7 12 9 14 5 6 7 13 9 13 7 10 10 15 10 15 7 12 14 11 6 13 6 15 9 6 16 6 16 9 12 11 8 10 16 10 7 13 13 9 10 14 9 9 6 7 6 5 10 6 5 7 12 12 10 12 17 8 8 14 6 10 11 9 7 9 14 14 6 15 6 8 16
ItAPaRica30
33.8 72 13 15 12 30 19 14 23 33 24 10 18 33 25 26 12 28 10 26 14 29 12 31 21 27 17 25 17 18 30 22 14 27 20 27 32 14 24 23 30 16 25 22 10 23 24 21 28 16 10 14 18 16 19 18 19 12 23 11 17 28 19 18 28 14 26 25 27 26 25 15 16 14
represa_de_ITUmBIarA
41.1 86 18 27 17 25 20 20 21 13 30 26 20 21 25 18 24 24 13 24 20 27 12 41 22 32 25 31 36 15 13 27 18 21 30 18 22 24 14 12 12 16 32 28 25 32 21 40 18 16 16 33 24 12 30 19 32 14 32 29 29 23 18 16 39 26 26 36 31 16 18 25 15 29 28 37 30 29 24 23 17 27 27 31 32 19 18 34
ITaIPU
29.0 84 26 12 21 11 20 14 25 14 16 18 13 16 20 19 16 26 13 17 17 22 16 11 8 22 22 19 9 18 18 9 9 19 16 12 27 12 22 13 21 19 13 20 13 13 9 24 27 13 14 20 14 15 15 26 24 14 10 21 16 25 28 19 8 25 11 22 14 16 13 12 9 22 23 8 12 13 21 15 21 15 24 18 28 8
SobRaDInhO58
34.1 82 12 23 11 16 19 24 15 23 31 14 14 25 17 21 18 18 25 17 15 23 15 26 16 14 31 24 23 11 13 28 15 14 17 10 12 18 14 16 18 11 24 21 19 18 13 12 14 11 12 19 14 18 10 16 34 28 15 18 22 11 27 10 23 11 29 19 22 26 15 27 25 14 24 11 22 15 17 23 27 27 22 16
represa_de_SobRadINhO
34.1 61 14 18 10 19 19 21 11 12 21 11 15 13 17 34 24 18 19 23 16 13 27 23 17 17 29 14 16 14 22 30 16 19 14 29 21 22 12 15 21 27 11 19 26 16 12 20 18 26 14 23 20 31 11 24 34 25 13 31 14 23 25
Furnas90
20.9 100 17 6 8 16 14 20 15 19 11 15 6 15 12 10 13 12 12 10 14 16 11 8 16 15 11 10 14 16 12 9 11 14 7 8 16 18 17 8 15 16 13 16 15 14 18 12 7 17 10 15 11 9 15 6 11 13 9 19 12 11 11 11 15 18 13 14 14 19 12 11 6 14 8 6 19 19 7 11 6 16 8 17 16 6 8 14 20 16 14 10 6 11 15 15 10 12 12 12 15 10
Balbina22
17.5 83 8 11 11 14 9 11 12 13 14 8 14 9 7 7 12 13 6 13 10 10 13 6 14 12 10 6 5 12 11 12 13 8 6 8 12 14 10 12 8 9 17 9 14 12 9 17 7 8 15 6 9 8 14 10 15 6 6 15 5 16 6 6 13 16 13 12 10 6 9 15 12 13 6 5 7 6 12 5 9 8 5 8 15
represa_de_SaLtO_sanTIAGo41
23.6 60 8 10 8 17 18 8 10 14 10 7 9 15 14 17 9 7 11 13 18 15 18 18 9 11 11 12 16 9 23 17 10 7 9 12 11 13 13 22 8 18 7 22 17 13 8 13 17 9 17 14 15 16 23 9 17 15 20 10 14 16
PEDra_DO_CAValO3
27.3 96 14 23 22 12 10 8 18 13 24 26 9 18 10 18 11 22 21 19 23 27 16 8 12 10 11 24 9 9 8 12 19 18 15 18 27 18 23 12 11 18 21 21 20 11 14 18 19 27 11 17 8 18 20 8 12 19 27 11 15 12 18 10 18 18 11 27 18 10 13 20 8 14 16 14 25 11 15 20 16 17 13 8 13 17 9 10 8 18 11 8 17 12 22 13 8 26
euCliDEs_da_CunHa82
39.1 84 32 15 24 18 24 16 24 22 24 17 27 29 22 12 17 25 16 25 35 39 16 34 15 24 19 14 15 22 13 23 12 26 14 12 27 35 29 15 17 22 14 20 24 11 14 17 28 25 14 31 17 38 13 25 32 27 30 29 11 27 14 31 12 24 22 25 11 24 23 32 21 30 25 33 20 18 39 20 26 29 30 18 15 30
ItaParIcA
33.8 63 12 19 23 14 16 11 21 15 21 19 23 10 18 30 10 15 14 19 11 23 14 21 15 24 10 25 23 24 23 12 12 20 11 24 31 28 21 18 18 25 21 25 26 14 12 18 28 25 22 16 19 27 24 13 21 16 20 33 20 12 16 32 13
represa_de_POrto_pRImAvERa
19.9 55 8 15 7 13 14 13 9 18 10 16 9 14 13 8 10 5 11 17 11 9 14 13 7 11 10 14 7 13 12 7 10 12 12 13 14 5 15 6 5 11 10 19 7 17 12 19 8 13 15 19 13 5 11 5 8
represa_de_PEdRA_Do_cAvALO
27.3 83 26 12 15 8 16 8 16 9 25 14 8 12 8 16 15 18 17 17 15 11 16 26 12 16 18 24 10 21 11 12 17 19 19 8 17 11 14 17 12 17 12 9 27 16 16 13 14 12 8 18 16 14 12 14 11 24 24 20 17 18 10 16 15 11 11 15 23 22 10 10 17 14 26 11 21 21 16 16 15 14 10 16 9
SerRA_dA_Mesa
54.4 98 23 43 40 40 43 22 22 17 30 19 42 53 29 16 53 24 54 22 36 34 37 41 37 17 30 38 37 17 16 27 28 50 41 20 49 18 35 33 20 27 17 21 49 42 21 45 30 19 36 27 20 19 40 21 23 27 20 43 41 38 34 25 18 34 24 25 50 21 35 27 39 20 28 29 34 29 37 33 23 25 42 32 40 23 18 22 28 30 20 17 22 39 50 40 33 26 29 35
ITAIPu
29.0 92 8 18 17 14 15 10 23 13 22 22 23 24 12 14 21 14 15 12 14 16 14 16 16 28 23 9 13 17 8 23 26 14 10 18 28 21 14 23 25 12 18 21 20 23 17 9 12 16 18 22 20 17 17 9 20 13 8 9 14 20 16 28 11 24 23 29 21 8 8 15 15 13 9 11 9 17 10 28 25 25 16 21 16 21 16 25 10 11 19 19 21 22
SAlTo_SaNtIAgO93
23.6 94 12 7 18 7 10 18 16 7 13 11 10 16 16 18 12 20 18 17 22 15 8 16 9 17 12 19 9 10 12 17 7 18 17 15 16 11 19 7 19 21 9 13 8 22 10 11 11 8 17 23 9 7 14 7 20 7 16 10 21 11 14 8 8 11 17 18 18 22 10 15 10 13 8 9 23 11 20 7 9 13 12 18 18 7 13 20 16 13 12 12 15 11 16 10
foz_DA_arEiA
32.6 55 23 25 18 14 25 10 21 14 11 14 22 18 13 9 10 18 12 16 25 9 15 10 10 30 19 9 18 16 20 26 11 22 19 14 24 23 13 14 22 17 26 12 13 23 10 23 23 15 11 23 20 31 16 19 25
represa_de_iTUmbIara
41.1 88 31 19 29 21 17 16 20 34 35 18 33 14 32 13 31 14 15 17 16 25 15 30 12 14 35 32 24 24 32 22 13 40 14 31 28 19 33 32 19 21 24 29 23 14 30 34 13 24 15 27 24 23 22 32 13 25 26 39 12 29 28 22 17 18 32 25 14 16 22 17 23 23 41 22 14 28 20 21 29 30 32 18 36 19 41 23 17 28
sAlTO_SaNtiAGo75
23.6 75 16 11 15 17 17 23 15 14 18 13 13 11 21 16 16 22 15 22 20 16 21 11 15 7 12 23 17 21 8 8 7 8 9 21 12 17 9 18 17 18 23 9 15 17 20 14 18 11 14 10 16 18 12 13 14 9 10 8 13 12 9 21 8 11 14 19 15 9 14 16 9 10 10 12 10
represa_de_itUmbiARA
41.1 87 15 28 33 20 22 14 18 17 22 19 15 38 28 29 12 16 29 20 18 19 31 41 17 17 24 18 25 18 26 17 12 29 41 30 18 24 23 31 16 34 21 14 29 26 18 13 24 13 32 15 35 40 19 29 13 19 35 38 31 13 19 30 16 13 12 25 38 26 15 19 31 32 23 16 33 20 30 31 15 30 27 40 17 19 41 20 13
represa_de_ItumbIArA71
41.1 69 30 27 16 31 23 31 35 12 30 13 31 26 13 31 19 22 18 18 17 12 13 34 30 30 17 31 16 15 22 38 35 18 24 25 32 17 35 19 25 31 13 28 12 29 30 20 20 14 19 14 13 28 24 19 29 14 34 18 14 12 17 31 31 28 24 13 12 31 26
represa_de_bALbinA40
17.5 73 7 12 5 15 13 6 8 7 5 5 11 11 13 17 17 8 11 14 14 13 8 8 7 13 6 17 14 5 5 6 5 14 8 7 10 5 6 13 8 12 12 9 11 8 6 14 13 7 9 12 11 15 15 12 6 8 6 9 12 6 11 11 8 12 14 12 13 6 8 5 13 6 6
ILhA_solTeIrA
21.2 68 21 13 19 10 9 9 9 6 13 8 17 6 8 14 12 10 16 11 8 20 19 13 17 16 6 13 14 20 7 14 6 6 18 15 12 6 7 11 7 6 13 6 11 20 11 11 20 13 11 11 14 14 15 12 9 21 13 18 12 7 19 13 12 9 9 21 12 13
poRTo_pRImavERA
19.9 52 19 11 11 11 17 5 17 10 11 9 9 18 15 19 8 17 13 5 18 11 14 10 8 15 10 8 12 14 15 9 13 17 11 12 14 5 9 10 7 13 13 13 15 6 10 19 7 6 16 13 16 15
NoVa_pontE
31.9 74 19 17 28 18 25 19 23 23 12 25 20 28 10 23 30 19 10 22 10 9 11 26 9 9 11 18 22 18 29 17 20 11 17 31 21 12 17 30 21 10 19 16 20 10 20 12 24 16 17 18 25 11 15 14 23 11 9 10 20 15 29 26 11 16 23 9 17 10 13 20 15 13 15 30
represa_de_ITaiPU3
29.0 77 24 17 11 23 14 14 11 24 16 22 8 12 8 21 10 23 17 25 12 16 13 23 21 17 9 8 10 21 23 11 21 27 20 29 19 19 17 8 18 12 29 12 12 27 24 29 23 18 8 29 11 16 9 12 15 18 21 14 14 14 9 15 24 8 14 21 17 15 26 22 12 9 16 14 19 19 14
ITApArICA
33.8 88 25 13 32 13 24 15 31 24 10 20 30 13 17 24 20 25 26 19 11 19 13 19 22 11 27 10 10 19 21 19 24 29 32 21 19 25 19 23 24 10 24 27 29 26 25 23 17 25 15 20 15 22 26 22 21 17 15 27 26 24 29 22 24 24 15 11 14 33 17 11 20 14 23 12 20 10 16 22 17 20 29 11 29 17 21 32 31 22
represa_de_SERra_DA_MEsA93
54.4 57 42 28 21 17 28 28 50 36 43 33 18 39 35 29 42 23 26 33 18 41 32 27 19 24 27 31 36 17 20 17 45 32 42 16 26 27 16 33 36 26 40 38 22 26 54 23 43 43 26 27 27 21 23 38 48 40 22
represa_de_Foz_dA_aReIA37
32.6 75 22 14 10 20 29 14 17 26 14 14 19 9 23 17 23 10 23 9 27 16 15 19 24 25 26 9 32 11 31 9 16 18 12 11 14 14 20 19 24 12 19 15 18 31 28 10 26 13 15 21 10 12 26 22 15 17 15 20 9 20 25 25 18 13 18 15 14 22 17 9 22 24 16 17 14
xiNgo71
27.4 56 16 13 12 21 12 20 13 13 18 15 20 13 22 26 13 13 8 13 9 11 19 13 11 22 11 18 13 15 20 8 12 15 17 9 12 17 14 16 10 9 14 26 18 16 20 23 10 17 20 15 12 15 10 8 18 16
TrEs_mArIAS
21.0 89 11 14 20 11 7 12 10 8 18 11 9 7 9 14 14 9 11 14 8 6 13 12 7 7 13 13 7 6 6 9 8 9 18 16 6 16 17 7 12 20 8 11 17 10 21 16 15 15 14 21 6 11 16 11 10 16 7 20 12 6 8 16 7 13 11 13 14 13 6 7 9 15 16 20 11 13 7 6 13 19 21 16 11 7 9 8 14 15 6
SErRa_dA_Mesa
54.4 55 18 36 37 19 32 21 54 18 43 19 27 29 50 39 43 53 45 24 38 33 32 31 27 44 30 50 18 36 34 29 44 26 26 21 50 53 43 27 30 36 53 46 29 32 18 27 51 30 38 51 34 50 17 49 43
represa_de_poRTo_prImAvERA
19.9 65 18 14 8 17 8 9 8 9 13 11 6 8 18 12 6 12 9 8 8 13 11 6 14 15 14 7 6 19 7 16 15 9 15 15 15 14 11 11 12 11 12 12 16 15 7 12 17 19 15 5 15 7 7 9 18 5 17 12 5 8 5 6 11 5 5
poRtO_PrimaVErA
19.9 58 11 7 5 19 16 7 5 6 14 15 5 7 8 15 7 11 15 16 11 10 13 9 9 6 13 8 10 8 15 11 12 12 6 14 11 7 5 15 11 10 12 6 10 13 15 13 13 15 13 15 6 15 10 17 11 11 5 12
represa_de_FUrNaS99
47.8 89 24 25 27 30 47 18 27 39 27 30 25 38 26 17 34 30 28 36 27 30 15 43 38 37 45 37 17 16 17 20 24 24 43 20 26 26 16 43 29 28 29 23 17 37 16 36 23 25 44 36 37 29 32 22 29 16 19 25 22 34 34 20 22 27 43 26 45 37 40 29 29 39 26 22 25 19 17 31 33 41 30 35 40 34 32 28 25 43 39
itUmBIARa47
41.1 83 23 14 16 18 24 22 23 19 33 30 34 18 12 32 28 20 22 26 14 32 32 12 29 12 27 25 25 26 21 18 40 23 31 16 12 21 31 12 18 31 22 20 36 41 17 21 12 40 15 32 32 13 24 24 27 24 30 13 20 32 16 25 16 14 21 23 17 23 22 22 21 27 41 26 32 33 24 36 15 16 27 17 18
represa_de_BALbiNA
17.5 51 15 7 8 14 8 11 6 15 5 6 5 14 8 12 6 8 12 7 12 13 8 15 9 7 15 5 5 12 6 8 17 5 5 9 6 14 8 8 11 13 16 6 10 9 14 10 12 6 11 13 7
saLto_sAntIAGo21
23.6 79 12 11 18 15 11 18 13 14 15 19 14 11 20 8 12 10 18 8 11 9 23 19 8 11 7 12 11 20 19 13 17 14 15 7 12 12 10 17 9 11 16 12 7 15 12 22 17 15 7 15 23 13 20 16 22 20 11 10 14 7 15 14 17 7 15 12 13 17 13 17 11 16 17 13 13 8 13 8 19
ParAiTinGA
35.1 77 23 28 23 24 15 33 20 27 17 23 20 18 23 12 32 11 28 24 13 25 22 27 14 18 12 28 19 26 14 15 19 18 30 21 29 19 24 20 10 16 19 27 17 27 20 20 13 19 24 26 11 15 16 23 20 29 26 11 20 12 13 24 25 24 32 27 25 14 26 20 25 22 17 22 15 31 22
peDRa_DO_CAValO83
27.3 86 21 14 14 23 15 10 23 16 9 17 16 17 10 15 19 14 19 20 11 19 9 18 12 11 12 13 21 18 10 19 15 23 23 16 24 11 8 12 19 11 13 12 12 10 9 14 19 27 25 9 13 20 27 13 15 26 9 14 15 22 9 19 17 9 20 8 10 16 12 10 11 14 21 9 26 15 25 8 20 16 15 8 14 15 9 9
represa_de_SAlTO_sanTiAGO
23.6 81 18 10 19 17 18 16 13 13 16 11 14 19 16 9 15 7 20 8 8 16 11 11 7 9 12 7 11 8 21 17 20 15 18 8 18 22 11 12 17 9 7 23 23 14 11 12 14 15 12 17 9 7 22 21 11 18 8 12 9 20 7 21 19 13 19 15 9 13 10 11 11 11 12 18 8 20 12 13 7 7 13
represa_de_ItUmbIara67
41.1 81 38 30 39 38 13 12 29 33 24 30 20 13 29 22 21 19 20 28 17 20 22 14 31 33 27 23 29 30 12 14 27 27 23 19 13 26 37 18 24 21 13 24 26 16 16 13 21 14 27 23 25 26 20 31 27 15 18 31 20 41 18 17 35 39 15 22 25 22 20 16 18 28 19 16 29 19 30 29 23 18 20
TucUrUI65
45.5 78 30 14 30 36 44 31 20 30 35 34 45 32 44 43 16 16 23 34 26 21 28 24 21 26 19 31 15 24 41 21 32 20 34 16 38 15 14 15 36 44 23 24 35 13 21 32 28 14 20 26 33 25 26 40 25 18 24 27 34 35 14 24 26 31 17 36 35 25 30 27 31 14 31 19 15 31 35 13
TuCuRuI
45.5 83 14 36 38 31 16 26 23 13 18 38 29 30 32 25 33 36 15 45 13 29 33 40 13 20 27 15 17 25 43 20 22 30 39 30 30 37 45 22 17 32 45 34 29 20 36 30 38 26 31 35 25 25 36 25 17 36 23 16 18 24 35 16 14 17 39 19 35 15 41 30 19 24 36 27 29 21 33 42 34 21 39 26 36
represa_de_TucurUI15
45.5 74 28 33 13 38 44 14 28 13 26 19 13 28 24 18 13 32 36 28 42 23 16 20 24 26 17 35 18 14 35 15 33 19 19 44 33 22 21 37 32 28 36 30 19 36 23 26 36 16 39 33 20 32 28 42 35 26 13 21 37 27 38 23 17 15 31 30 19 26 30 31 19 24 41 20
PArAiTiNGA94
35.1 75 27 16 22 15 11 27 20 16 16 34 33 20 13 10 29 23 25 12 11 33 30 12 10 18 25 18 30 10 25 12 27 26 25 35 25 20 27 14 17 18 28 10 16 21 11 15 23 24 23 13 27 14 29 14 24 14 27 11 26 13 11 24 17 14 33 35 26 12 15 18 20 23 23 13 25
NOva_ponTE61
31.9 82 16 17 15 18 13 12 22 21 17 23 10 14 25 23 13 20 14 19 13 17 18 12 12 15 16 12 21 24 14 12 14 26 16 21 21 21 9 22 22 21 13 18 17 10 11 20 24 11 24 9 28 24 19 12 23 21 17 27 17 17 12 15 15 23 9 24 25 17 12 9 14 27 19 11 21 10 18 10 10 20 19 17
BALBinA24
17.5 54 12 6 13 8 14 10 13 14 11 10 17 12 9 12 8 9 12 14 6 13 9 5 9 7 9 13 10 17 5 13 14 12 8 7 13 12 5 10 9 13 16 16 5 10 11 10 15 7 13 8 12 8 15 8
Ilha_SolteirA81
21.2 67 14 7 16 7 14 10 8 11 6 13 19 21 8 8 10 9 20 6 19 9 20 9 10 9 11 9 16 9 16 9 12 6 17 14 10 6 9 18 13 11 11 8 15 11 15 8 12 14 21 12 14 13 11 6 13 9 10 11 9 15 6 19 10 11 8 17 15
SalTO_sanTiAGO94
23.6 50 17 10 22 21 11 7 9 16 10 9 11 20 12 14 14 10 17 14 13 17 11 16 15 13 12 11 15 12 14 10 8 16 9 11 23 12 8 20 14 14 14 11 18 7 18 19 14 8 20 15
represa_de_PedRa_DO_CAVALo
27.3 56 19 23 23 21 27 13 19 18 19 21 14 22 20 10 13 18 11 9 14 11 14 26 8 18 10 16 20 25 19 16 25 21 11 23 9 16 24 17 12 12 14 18 19 18 12 18 13 13 27 15 12 24 21 11 20 10
represa_de_fUrNaS15
20.9 82 9 14 18 7 9 11 10 18 10 18 9 11 8 8 11 8 17 16 14 10 13 13 19 9 8 17 7 7 8 20 8 13 12 16 16 10 14 9 9 8 14 16 16 11 16 19 16 7 11 19 13 8 18 13 9 19 14 19 15 10 6 10 7 8 6 6 17 15 15 20 18 11 8 11 17 9 9 13 12 7 9 16
PorTo_pRiMaVeRA
19.9 54 14 19 15 6 11 12 13 7 9 13 15 6 12 12 17 16 11 9 14 12 5 11 13 13 13 11 6 17 6 19 10 13 6 12 6 19 17 13 7 15 7 18 7 13 5 10 5 8 12 16 10 5 7 17
represa_de_furnaS
20.9 74 6 13 14 13 17 10 11 6 18 9 8 16 13 13 9 11 14 8 10 14 10 20 6 13 11 20 15 8 10 13 12 11 17 12 17 8 11 10 9 14 12 16 13 13 8 20 6 16 13 20 19 16 16 11 14 10 13 9 16 13 18 16 10 15 7 6 7 12 10 13 14 11 16 12
represa_de_PARAItinGA
35.1 63 11 23 35 28 26 21 12 28 26 18 21 19 19 29 35 16 27 19 11 21 15 19 24 11 24 28 12 32 34 13 22 17 30 27 18 12 12 31 22 12 35 30 28 11 14 26 30 20 10 20 31 23 10 26 28 28 12 33 17 10 13 18 20
eMBoRCACAo
17.6 74 6 5 12 14 14 13 12 13 12 7 13 12 10 14 9 9 6 14 9 9 17 13 15 13 7 12 13 15 8 16 7 6 5 13 6 8 6 11 14 7 16 8 11 8 7 12 10 13 12 6 8 12 10 13 15 9 6 9 6 5 9 7 13 15 12 5 14 5 14 13 13 13 12 13
SOBRaDinHo
34.1 85 18 26 25 22 13 23 27 19 22 11 22 10 29 30 20 20 13 24 10 23 31 26 25 14 11 26 17 22 18 31 25 12 20 19 32 22 30 27 17 11 27 34 26 15 16 20 24 22 13 19 14 24 23 19 25 19 15 10 15 10 14 11 24 18 13 23 17 27 28 16 20 27 10 23 25 11 32 17 18 23 26 24 18 29 13
XInGo58
27.4 81 14 20 11 14 13 19 8 10 11 13 19 14 21 21 21 13 8 17 14 26 21 15 19 27 14 20 12 14 12 15 13 20 15 10 26 27 12 8 12 19 15 13 26 8 21 18 12 12 14 24 20 24 9 26 14 9 23 20 11 18 26 14 26 23 18 10 20 11 8 18 16 21 17 19 10 27 11 9 11 8 20
represa_de_PoRTo_pRIMAvERa98
19.9 51 17 14 14 13 11 14 5 6 9 14 6 15 19 12 6 11 5 19 9 10 14 10 15 7 13 13 5 10 14 11 9 5 19 15 17 8 9 17 15 5 5 16 6 13 5 18 5 12 8 5 17
ItaPaRiCA
33.8 65 23 27 10 29 16 20 12 12 10 24 26 21 27 18 16 13 18 32 30 25 18 19 23 28 11 26 17 15 24 21 33 22 27 13 22 11 27 20 10 10 26 14 17 12 22 33 26 16 13 25 15 33 20 16 27 20 21 23 16 19 18 12 25 20 23
represa_de_SoBradInho
34.1 52 29 30 16 12 12 16 13 12 17 20 25 25 11 18 12 22 29 25 16 20 26 23 17 22 32 10 22 24 11 16 16 16 33 30 26 25 33 27 28 13 19 16 34 23 19 17 34 29 16 23 31 31
represa_de_ITUmBiaRa
41.1 54 34 28 14 28 28 26 17 14 12 12 19 30 20 21 36 28 32 20 18 19 23 23 18 20 20 19 36 41 12 18 30 16 41 26 31 15 37 19 31 24 31 17 20 12 22 20 33 25 12 18 34 27 13 30
represa_de_FUrnaS23
47.8 87 29 36 31 37 24 27 24 30 27 37 19 29 28 17 46 18 17 24 41 34 44 32 24 25 19 46 38 24 18 14 28 14 17 22 34 28 30 41 32 37 35 23 46 36 26 16 36 30 21 36 23 26 47 23 22 18 22 29 25 26 19 15 29 21 26 19 32 17 32 30 31 46 37 47 15 35 15 15 36 14 38 25 32 38 23 26 36
represa_de_iTUMbiaRa39
41.1 59 21 16 18 17 40 31 27 19 35 30 26 36 35 21 25 18 22 24 18 29 26 20 30 29 22 20 39 17 32 19 24 14 19 23 38 19 31 23 35 22 41 30 19 23 26 32 26 17 35 39 21 20 27 41 17 30 16 28 31
represa_de_emboRCaCAO88
17.6 54 6 13 14 14 16 13 12 10 10 12 11 5 14 8 11 10 14 7 7 13 8 5 5 8 8 9 15 9 13 11 6 8 11 13 16 14 13 9 10 11 7 5 6 16 14 13 6 11 6 6 16 11 12 9
pEdra_dO_cAvALo
27.3 73 15 13 19 25 13 21 18 20 24 9 13 13 9 26 15 14 16 27 17 11 12 16 10 8 20 27 12 9 15 23 8 8 20 18 16 18 13 21 24 26 8 9 19 20 14 17 19 10 17 16 21 19 18 20 17 9 14 17 17 19 10 13 25 18 23 18 11 15 20 16 14 17 23
represa_de_Foz_Da_aReia
32.6 61 22 24 23 26 17 19 25 13 14 30 11 21 18 19 21 21 16 16 9 20 24 23 18 9 10 11 17 18 17 17 18 11 32 14 11 26 18 14 16 22 11 12 10 11 19 9 16 23 28 17 24 11 23 23 26 28 13 10 27 22 30
PEDRa_do_CAvALO
27.3 56 19 9 8 9 15 25 17 15 9 19 19 18 19 13 12 15 15 16 10 14 11 19 9 10 16 12 26 10 20 16 16 17 14 12 13 20 11 9 19 15 12 16 9 10 20 21 12 20 11 9 10 26 22 21 10 10
represa_de_xingO8
27.4 97 9 15 11 8 13 13 15 24 8 11 14 15 13 19 11 12 17 13 16 11 13 14 24 20 9 15 9 13 15 19 15 20 20 16 15 19 19 20 14 18 25 15 27 11 10 11 19 14 16 10 11 9 11 18 9 8 12 11 8 21 14 20 14 18 23 14 22 18 9 26 19 12 15 20 9 8 21 19 11 18 8 15 16 20 17 12 13 16 14 16 24 19 27 8 9 8 15
ItuMbiARa97
41.1 75 32 24 24 30 35 28 32 35 31 19 20 17 19 27 32 16 31 27 19 28 15 40 35 26 16 13 20 15 32 18 37 14 36 21 24 37 40 30 18 18 37 28 27 26 29 20 29 20 26 29 27 24 28 15 17 30 21 16 14 16 12 29 13 15 30 14 22 26 12 32 32 27 35 32 22
represa_de_PEDRa_dO_CavaLo91
27.3 64 27 18 13 11 22 13 10 18 25 27 17 20 19 20 17 13 8 18 8 20 14 10 12 17 21 20 12 14 20 16 12 24 10 15 17 14 10 27 23 14 11 13 18 12 9 23 22 12 27 13 17 18 11 13 13 22 20 23 13 21 10 23 12 19
salto_sAntIagO
23.6 89 14 19 18 16 22 11 12 12 14 16 13 11 16 13 23 8 10 13 18 19 8 17 9 8 8 8 12 18 12 12 7 7 8 12 10 21 11 14 9 20 18 9 8 15 20 9 15 21 17 7 10 16 18 12 13 7 11 8 19 8 21 21 12 13 14 21 7 17 10 10 18 18 15 16 14 14 15 12 15 13 17 15 18 12 15 15 16 9 7
represa_de_FOZ_DA_AReIA65
32.6 78 26 25 14 19 15 15 31 20 28 17 16 20 19 26 27 25 18 30 15 15 22 17 12 9 23 16 18 22 20 24 18 21 27 16 9 12 11 16 14 17 22 21 16 25 11 16 18 31 32 10 15 10 26 21 13 32 17 14 12 13 16 11 23 13 26 21 18 31 21 23 25 23 16 19 22 22 17 17
fOZ_dA_aREIA75
32.6 68 31 30 24 12 18 17 25 10 10 14 26 30 22 15 19 11 15 20 24 23 26 21 17 11 25 29 22 18 25 22 13 10 23 22 31 19 13 26 20 11 24 11 14 24 14 11 12 20 22 16 14 26 23 26 28 31 9 23 29 14 32 17 24 17 13 27 20 17
represa_de_TrES_MAriaS71
21.0 65 12 10 8 21 9 12 15 14 20 8 21 10 14 14 9 8 12 9 6 15 15 16 13 9 18 21 14 8 16 10 15 7 16 11 17 7 21 21 14 16 21 10 8 15 14 7 11 15 11 15 6 20 21 19 10 8 9 14 13 10 16 15 10 8 8
represa_de_furnAS
20.9 83 11 18 14 6 12 18 7 13 16 14 10 6 9 18 7 10 14 17 14 14 8 9 20 9 8 15 10 10 8 19 14 10 11 6 12 15 8 11 8 6 7 20 11 17 20 6 13 6 6 16 12 11 10 7 13 6 15 15 16 7 8 7 15 16 13 20 12 12 19 12 9 15 6 20 11 14 14 14 8 14 6 10 17
represa_de_embOrCaCaO80
17.6 93 12 12 7 11 7 6 14 16 7 7 10 14 6 5 9 10 11 6 12 10 11 5 5 6 10 16 13 8 15 7 5 13 5 11 8 10 10 6 9 9 14 11 13 17 13 10 7 16 10 13 12 6 5 5 14 10 12 8 16 11 5 14 12 7 8 7 11 11 15 15 10 9 11 5 11 12 12 8 6 6 7 12 5 9 11 10 10 14 16 5 9 17 11
SerrA_DA_MesA
54.4 82 16 19 28 20 38 30 16 49 25 19 26 22 22 41 27 30 21 37 34 45 26 24 34 36 18 35 18 37 50 21 18 42 36 41 29 22 35 39 17 43 43 46 41 22 26 28 28 39 26 25 51 41 45 21 27 20 26 47 29 40 19 24 33 43 36 19 43 38 16 34 34 38 37 37 44 54 37 18 34 40 39 27
SerrA_DA_Mesa
54.4 56 32 35 25 22 19 18 17 40 18 42 37 18 16 17 51 38 30 35 16 17 40 33 45 40 41 20 21 16 45 44 39 32 38 21 24 53 27 28 53 16 19 37 35 22 26 50 22 16 30 39 45 21 36 17 43 23
represa_de_FOz_Da_ArEia
32.6 70 15 32 27 31 16 16 11 11 12 19 15 14 17 28 10 9 25 23 19 9 10 11 21 24 25 10 18 32 16 19 11 22 13 24 16 18 26 19 21 21 13 32 30 15 17 23 27 13 15 25 20 17 15 32 9 13 17 19 13 9 19 13 25 18 29 15 13 17 15 29
represa_de_TUCURuI72
45.5 96 22 34 33 17 29 45 25 19 32 16 14 27 44 27 35 42 26 15 23 33 16 23 32 24 18 25 35 30 23 33 15 21 35 13 35 27 40 25 30 22 13 15 27 27 23 40 21 35 26 32 24 15 29 15 30 26 28 17 31 28 33 14 21 29 29 15 38 34 19 13 31 34 22 39 25 42 40 25 29 27 29 35 21 16 23 33 40 23 25 38 13 29 45 33 26 25
represa_de_TrES_MArias
21.0 90 13 10 14 15 16 14 21 8 6 13 18 17 17 16 9 6 8 9 11 10 9 6 9 10 11 15 7 17 11 11 7 8 21 10 20 11 15 17 11 7 20 11 16 8 9 10 13 15 8 18 19 7 14 8 6 12 8 12 9 6 7 20 15 8 10 7 7 9 10 13 10 11 7 7 16 10 8 6 16 18 12 12 7 9 18 7 9 13 6 8
iTaParicA53
33.8 51 26 21 24 10 11 26 30 14 20 22 16 19 10 17 13 17 14 18 29 20 33 19 29 28 21 20 12 23 25 25 11 24 25 20 11 21 26 27 22 16 18 21 13 32 13 21 26 16 12 28 29
represa_de_fURnas
47.8 83 23 30 17 27 29 15 29 27 22 34 33 18 40 37 19 17 21 19 15 20 30 18 15 37 27 44 40 29 18 22 24 17 16 19 27 15 34 24 19 32 15 33 36 23 44 38 19 14 42 36 45 31 41 35 29 31 17 29 35 46 38 24 23 28 26 30 22 29 24 35 28 17 45 37 16 18 29 34 19 31 25 23 24
represa_de_fURNAs
47.8 71 15 19 39 45 24 18 44 31 37 15 18 20 28 17 15 42 41 31 16 27 36 34 21 40 39 30 31 19 25 24 14 26 18 35 35 29 21 29 16 15 37 21 47 35 36 46 23 22 21 43 32 16 30 26 32 42 15 25 32 45 21 23 26 44 26 25 36 23 24 17 25
ITAParicA
33.8 92 17 16 18 11 13 13 16 17 17 17 26 20 23 33 18 10 26 18 24 26 11 21 10 25 17 15 26 30 14 13 27 27 10 20 33 15 30 10 16 16 28 30 25 26 11 18 20 26 18 16 22 20 18 22 22 29 14 17 22 10 21 27 15 17 23 27 25 17 11 23 23 31 27 21 22 27 33 25 23 13 17 25 13 23 22 24 27 11 22 10 10 10
eMboRCacAo
17.6 64 8 11 13 6 5 7 10 11 5 12 15 10 5 10 12 11 5 12 8 15 12 11 10 10 8 15 5 14 6 14 8 16 12 15 8 9 7 11 5 11 7 9 8 10 8 17 14 14 7 13 14 9 13 7 17 11 6 14 12 16 15 8 16 13
PeDRA_do_CAvALO
27.3 94 16 13 14 8 8 20 18 21 23 8 16 9 10 8 15 8 11 9 20 9 18 13 20 20 26 14 16 15 12 8 15 20 25 9 17 18 22 20 27 23 25 16 16 24 15 9 15 19 8 9 10 23 27 18 15 20 27 18 23 12 11 14 23 18 8 18 20 11 21 8 19 10 10 12 8 12 21 9 8 22 26 16 20 15 13 14 19 12 18 16 11 15 12 10
ITaiPu57
29.0 75 28 19 21 15 22 22 17 11 12 10 8 13 22 29 17 16 21 23 17 15 15 8 15 14 23 16 17 13 16 28 21 19 13 18 9 20 10 15 17 25 22 16 18 14 13 21 22 20 23 8 20 25 15 21 10 10 15 23 14 13 20 20 24 13 14 18 20 22 14 26 14 21 13 9 20
represa_de_iTaPArica
33.8 77 12 17 14 11 28 25 23 16 15 16 10 21 14 33 12 30 15 28 20 21 14 33 23 25 14 11 33 19 19 19 32 21 25 14 19 21 27 21 15 22 12 14 24 10 22 27 33 11 14 15 28 16 30 22 17 15 23 26 11 17 25 14 18 24 21 16 13 25 12 21 15 14 27 11 16 19 16
represa_de_emBORCACAo83
17.6 70 7 9 7 15 8 14 5 6 14 7 11 9 8 6 11 11 7 5 7 10 8 10 16 5 14 7 13 17 13 12 15 12 13 9 7 11 7 15 11 14 8 13 8 7 9 13 10 11 5 12 15 12 7 13 13 13 6 7 6 13 10 14 14 7 13 10 10 13 12 10
represa_de_saLTo_SantIAgO
23.6 99 8 20 15 18 9 14 7 17 22 18 7 20 12 20 9 16 17 17 13 12 19 12 9 20 7 23 14 12 8 15 15 12 19 17 13 11 11 23 14 18 11 9 19 18 8 23 9 16 23 12 8 9 11 15 11 15 20 14 21 12 7 14 12 17 13 8 19 11 12 18 10 23 11 16 12 13 10 19 18 8 7 14 17 7 20 8 13 20 10 17 9 13 14 20 8 14 13 11 11
iLHa_SOlTEiRa
21.2 50 12 21 10 14 21 8 12 6 16 14 16 17 8 8 7 9 16 8 15 16 15 16 7 6 20 6 11 8 10 14 12 8 13 13 6 15 11 16 16 11 7 18 13 16 11 6 6 10 12 6
represa_de_eucLidES_dA_cUNhA76
39.1 84 20 12 28 19 28 19 21 24 29 32 22 24 13 21 31 31 25 13 19 19 23 18 20 25 31 25 23 31 13 16 37 20 29 26 22 25 28 25 13 17 38 24 14 34 22 28 30 12 28 30 28 17 35 17 39 24 13 26 22 29 29 19 28 33 15 19 13 17 31 24 30 39 31 19 21 18 15 33 11 28 26 12 28 27
bAlBiNA25
17.5 75 5 12 9 12 17 6 16 9 15 14 16 7 12 9 12 11 9 11 9 9 12 13 6 12 14 8 9 6 6 14 9 11 9 6 12 11 14 14 7 14 14 10 14 9 10 14 5 11 16 6 12 8 15 11 11 12 8 14 7 11 9 9 6 13 14 12 13 13 9 12 10 12 7 8 8
represa_de_XiNgo47
27.4 57 21 18 14 23 16 18 16 14 10 27 11 12 22 18 14 9 11 14 17 15 14 19 15 16 9 20 12 10 21 10 10 14 26 19 17 15 15 24 21 25 19 20 11 8 11 16 22 15 15 18 14 11 20 9 16 8 26
ilha_SolTeIra
21.2 54 15 8 6 11 15 15 7 6 6 7 8 21 6 7 13 18 9 9 9 6 17 6 8 11 11 8 14 13 6 17 16 15 14 7 10 15 6 12 10 9 8 7 14 6 13 16 11 12 12 15 12 15 6 10
represa_de_TUcuRUi55
45.5 66 24 19 26 29 27 15 36 36 20 45 31 13 38 31 22 30 19 38 25 14 32 20 36 28 17 40 26 35 27 31 31 43 14 27 14 44 22 32 18 30 30 31 15 28 19 26 27 33 32 20 33 15 16 32 13 23 26 32 36 15 35 28 27 30 35 26
represa_de_FUrnas
47.8 75 19 33 22 32 15 20 17 30 21 21 35 47 15 28 39 15 22 30 16 34 34 34 37 17 35 21 34 34 22 45 35 26 18 32 37 29 14 21 25 21 38 24 33 30 32 18 22 24 33 19 33 27 14 19 33 35 19 40 30 28 20 17 25 47 15 23 27 30 47 15 39 36 40 24 42
balbiNa
17.5 90 6 13 6 10 10 13 15 5 15 12 10 9 15 8 8 10 9 6 11 7 9 12 6 7 7 15 9 10 14 12 8 9 10 16 12 8 7 11 15 8 12 8 10 8 8 14 14 8 13 17 16 13 16 10 6 10 9 6 16 5 9 5 13 9 13 5 11 5 10 12 17 13 12 9 12 7 15 9 13 17 6 11 14 8 14 6 12 5 14 12
represa_de_EucLides_DA_CunHA55
39.1 99 28 25 15 37 17 29 30 13 16 29 21 18 27 28 17 11 28 14 23 30 15 26 21 18 33 18 28 11 23 22 30 22 29 16 23 13 38 24 32 19 12 20 39 27 29 38 14 22 22 18 17 18 17 31 27 19 12 17 24 24 33 34 30 33 30 38 18 37 31 38 12 38 25 16 13 38 24 27 30 34 11 24 36 28 26 13 36 35 30 21 20 16 29 19 24 39 30 11 13
EmbORcAcaO19
17.6 67 10 6 12 15 5 12 5 12 11 13 16 8 16 5 9 9 10 10 8 11 6 6 6 13 16 14 17 16 10 14 8 5 13 10 14 5 5 6 7 5 8 6 7 6 15 8 9 5 17 9 6 14 8 14 7 7 12 13 17 16 8 12 17 14 5 9 10
ILha_sOlTEiRA32
21.2 75 12 6 15 13 7 10 8 6 10 13 8 10 14 7 16 14 19 6 16 15 6 10 15 11 6 21 13 13 12 10 11 7 14 8 17 9 10 8 9 9 20 11 10 15 12 7 6 15 12 10 19 11 15 11 9 15 8 16 7 13 17 16 6 12 16 13 11 18 8 11 13 16 18 12 19
represa_de_iTUmbIarA
41.1 94 30 13 19 20 27 28 19 22 23 36 31 38 27 13 24 25 18 21 18 37 23 28 26 16 26 20 32 15 29 21 38 15 25 28 16 29 15 32 14 28 29 29 16 16 20 40 35 19 26 16 18 17 30 17 40 16 29 24 29 15 24 30 29 24 26 29 14 22 30 17 22 29 23 26 17 19 22 26 27 21 17 30 16 31 32 12 12 17 34 18 32 28 25 32
ItuMBiara37
41.1 82 29 23 22 18 26 22 21 28 28 35 34 15 15 30 37 31 13 13 28 19 39 18 38 29 41 19 20 14 25 26 24 14 38 19 22 29 13 14 23 29 30 17 29 22 19 13 23 39 13 14 18 14 15 30 20 21 21 29 30 20 24 25 12 20 36 19 27 33 17 19 24 30 31 17 22 28 32 16 20 29 38 25
represa_de_pOrtO_priMAverA
19.9 86 9 6 8 11 10 13 5 10 13 6 12 8 12 7 15 11 11 8 5 7 17 7 8 10 13 8 17 12 14 15 8 15 9 10 17 7 12 6 19 6 8 19 15 12 12 11 9 17 6 12 10 11 12 7 8 17 9 15 5 11 14 13 6 5 15 15 14 9 5 13 17 13 11 15 14 10 6 9 7 14 6 18 11 16 6 10
SaltO_SaNTiAGo33
23.6 88 7 8 13 11 9 21 12 14 23 10 11 14 11 11 22 17 17 15 16 20 9 18 11 9 8 22 13 16 8 20 20 14 13 19 16 10 12 7 13 15 16 14 11 12 20 19 20 9 12 11 11 9 16 7 20 16 16 8 8 10 9 22 13 13 7 21 14 10 15 10 7 8 7 12 14 23 13 13 21 14 18 22 18 8 16 9 23 7
represa_de_fuRNas88
47.8 81 22 14 27 36 23 32 16 36 14 15 19 26 34 31 33 37 19 42 28 22 33 25 20 38 31 35 37 27 42 37 22 15 42 36 14 38 15 38 35 35 30 19 40 25 31 31 30 27 27 30 24 28 22 21 46 27 42 37 40 23 21 16 33 24 28 42 14 29 22 19 22 32 28 39 42 17 18 25 27 38 30
represa_de_FuRNas
47.8 73 30 34 28 31 37 36 41 30 21 16 22 33 31 30 39 20 35 21 47 34 29 20 33 34 25 32 37 22 29 38 21 39 22 23 23 15 45 25 47 35 36 32 32 26 19 18 28 30 35 15 38 16 26 18 21 36 36 44 36 20 46 17 19 15 16 31 21 22 20 16 40 22 18
SErra_DA_MesA
54.4 85 18 39 32 41 46 23 19 33 26 30 41 42 28 32 27 41 32 21 31 19 44 21 26 32 34 36 22 25 54 49 48 28 36 21 24 33 37 29 41 43 17 30 33 37 35 53 25 50 33 26 17 35 39 31 44 43 17 27 45 46 19 23 30 20 31 50 40 26 19 48 32 18 33 27 19 26 47 39 53 44 35 24 20 43 35
represa_de_XiNgo
27.4 75 22 21 8 17 8 13 10 20 14 9 18 10 21 8 26 19 17 9 20 19 21 18 18 25 9 15 27 13 17 13 17 20 10 8 8 21 23 20 21 18 14 18 26 24 10 17 11 12 8 21 11 13 12 12 27 24 9 17 12 8 9 13 16 14 27 13 27 21 27 26 14 16 16 19 11
itUMbIarA
41.1 51 27 12 19 21 22 19 32 14 39 18 38 19 25 21 39 22 21 39 21 31 15 15 18 23 22 14 25 25 26 18 30 13 17 17 31 32 32 15 28 21 16 18 37 28 27 16 21 32 27 12 34
furnas24
47.8 59 18 18 37 44 28 40 15 22 19 26 16 17 17 42 28 36 14 41 18 24 19 32 15 31 29 33 17 23 29 20 45 23 39 29 24 40 28 16 25 37 30 34 29 30 34 28 21 38 22 14 32 34 35 20 22 46 27 34 14
BALBInA
17.5 75 14 13 10 6 6 5 8 5 6 5 8 12 13 9 6 10 10 10 5 9 15 16 7 13 8 14 8 14 13 12 11 13 11 13 7 8 11 11 11 6 13 8 6 14 9 11 6 7 11 13 13 8 13 13 15 9 6 17 13 6 14 9 13 7 14 8 8 5 12 7 8 13 7 8 12
represa_de_peDRa_do_caVaLO98
27.3 59 18 26 15 18 21 12 10 15 20 13 10 11 17 13 11 18 13 18 17 21 8 8 11 25 18 16 23 20 16 11 24 17 18 21 17 8 25 13 12 8 9 17 21 14 14 14 23 18 25 13 26 25 14 15 9 16 18 14 14
euCLIDEs_DA_CUNhA99
39.1 67 31 24 24 27 12 18 23 17 19 31 29 32 34 14 11 16 30 18 29 34 11 30 18 26 36 16 21 20 23 22 23 18 30 21 27 23 38 12 18 31 15 30 21 38 14 18 13 28 17 28 38 11 39 22 13 30 26 31 18 37 25 29 28 31 27 34 17
represa_de_TucuRUI17
45.5 88 25 15 13 23 32 31 31 29 26 25 26 23 24 31 22 22 16 19 38 32 26 19 24 31 14 37 32 33 32 22 30 33 15 24 19 16 28 26 24 24 40 18 26 21 30 17 43 35 18 27 21 33 32 37 14 32 13 16 45 20 33 18 16 45 24 42 22 27 30 15 20 38 21 27 17 16 31 32 33 33 17 29 34 28 15 35 24 24
represa_de_PortO_PRiMAVErA88
19.9 82 7 17 12 5 14 11 7 19 8 15 9 15 12 13 9 10 5 12 16 9 8 9 8 12 6 15 16 10 9 11 6 19 12 9 14 10 14 5 10 8 7 15 7 10 9 5 12 14 6 5 7 10 9 15 7 5 10 11 18 13 19 13 11 15 15 8 11 8 5 10 13 17 10 12 6 13 14 11 15 5 17 17
NoVa_POntE
31.9 66 17 11 13 25 18 23 11 24 23 17 12 19 24 31 11 12 28 17 25 9 31 21 16 17 28 10 13 15 12 19 13 17 17 11 15 16 20 20 9 20 25 23 18 25 15 21 14 17 18 20 14 25 20 19 9 17 22 23 15 12 20 30 29 13 11 14
represa_de_TrEs_MARiaS69
21.0 90 10 20 11 7 18 17 15 20 14 11 17 13 21 18 11 20 21 13 16 6 12 7 21 9 9 11 17 10 16 18 21 9 7 19 14 13 8 14 20 14 7 6 6 7 12 8 7 6 11 11 8 16 10 8 16 8 11 11 7 10 8 13 13 20 12 15 11 12 9 11 10 14 20 8 16 10 15 14 6 14 6 7 15 18 20 11 21 14 21 11
represa_de_eUcLiDeS_da_CunHA
39.1 67 18 29 32 18 20 12 24 20 26 39 17 27 31 21 14 12 16 22 21 24 18 24 23 16 24 29 16 28 31 29 25 25 14 25 12 27 14 27 11 19 34 28 16 29 13 30 28 29 26 14 32 29 27 22 21 20 18 20 13 31 18 14 32 26 15 26 18
represa_de_FURNAS
20.9 99 14 13 6 7 10 6 14 17 9 10 12 10 14 7 8 10 18 11 8 10 11 11 16 12 8 14 11 6 13 8 8 10 10 6 19 10 9 12 16 7 12 14 6 9 12 7 6 12 12 12 16 10 14 19 10 18 10 13 16 7 7 14 7 7 15 13 12 16 18 6 15 12 19 12 17 8 7 11 18 12 10 8 8 13 7 14 13 6 12 14 7 11 8 10 15 6 14 16 17
represa_de_furNAS
47.8 73 35 17 19 32 42 44 22 29 29 26 14 28 15 41 34 38 39 42 42 22 37 14 28 21 14 40 32 36 20 35 39 14 47 14 33 27 40 39 27 42 34 14 18 32 30 25 23 40 35 36 36 31 26 35 33 27 26 23 23 27 34 36 17 34 19 47 39 24 35 24 27 31 39
represa_de_TUcuruI
45.5 51 25 29 22 18 21 30 13 36 26 22 17 19 45 14 41 24 21 39 37 25 17 45 28 23 18 24 29 28 28 13 31 23 33 27 20 21 20 17 38 26 19 34 16 25 18 26 32 33 30 36 15
represa_de_Xingo1
27.4 57 10 19 16 14 16 21 26 20 17 12 26 18 15 23 21 18 25 22 19 21 18 18 27 21 11 12 13 16 21 27 17 10 12 15 15 12 12 14 25 22 15 24 24 9 13 9 19 15 17 16 13 12 12 15 22 18 15
TuCUruI47
45.5 81 35 24 22 13 31 31 13 22 25 30 22 25 30 21 18 13 20 20 36 43 34 30 23 14 31 14 24 24 36 28 38 28 16 21 15 19 20 39 29 34 39 20 30 33 29 25 22 18 25 40 37 29 27 28 43 35 15 21 25 18 29 36 20 35 17 19 15 22 23 21 43 30 17 43 25 26 30 31 35 20 41
emborCacao
17.6 89 8 17 14 12 7 14 9 6 9 14 12 8 10 14 6 9 12 6 11 6 5 12 7 10 10 11 14 8 5 7 6 12 5 15 7 16 9 15 10 13 10 14 12 9 12 6 10 12 5 10 14 15 8 8 9 14 14 6 13 9 9 11 8 11 15 5 14 5 11 9 10 5 13 7 13 8 10 6 7 5 10 7 15 17 6 11 11 13 11
SERRA_da_MeSa
54.4 80 46 22 19 23 22 46 36 33 17 37 24 22 36 28 39 54 43 20 19 43 23 26 45 23 40 33 33 37 20 31 43 24 44 42 34 41 23 38 36 33 21 40 53 30 20 21 42 16 34 29 18 27 26 37 18 33 19 39 18 28 43 17 34 51 42 26 20 35 32 24 25 21 21 17 16 41 19 34 24 54
BaLBiNA
17.5 86 5 16 15 9 12 5 14 11 5 5 12 8 5 6 8 8 9 6 11 15 6 8 7 10 15 15 10 7 14 17 11 10 7 10 14 8 14 11 8 11 14 6 8 17 6 10 6 11 9 6 6 5 9 12 7 14 5 7 12 6 12 12 12 6 13 12 7 16 13 16 11 6 17 12 16 14 7 5 13 14 12 12 13 7 13 8
represa_de_BAlbiNa
17.5 75 12 10 14 12 13 12 9 16 13 13 15 14 6 13 11 14 10 13 9 8 13 6 17 5 17 13 16 9 13 7 12 6 6 17 5 5 9 13 13 6 10 5 12 14 15 5 13 8 15 5 10 11 12 6 13 14 12 15 9 10 11 5 13 9 17 15 13 8 10 13 9 13 15 5 5